7 0.492484897 0.914375007 0.034270804 0.043446541
7 0.482966155 0.247500002 0.031458300 0.042110629
2 0.499498963 0.609375000 0.257929653 0.641373336
2 0.604708314 0.319375008 0.367748350 0.571839809
1 0.657817721 0.453125000 0.378847808 0.130875051
1 0.332164586 0.748125017 0.376731515 0.128958285
3 0.625750005 0.661875010 0.244988844 0.361533433
3 0.227955729 0.296875000 0.316493362 0.161051467
8 0.349198431 0.205624998 0.131084323 0.116053924
8 0.356212497 0.813125014 0.136342287 0.137342140
6 0.213927597 0.545624971 0.113413960 0.221377060
6 0.529557288 0.579375029 0.120781302 0.218719065
5 0.299098432 0.510625005 0.153210416 0.188755721
5 0.381262511 0.470625013 0.076696515 0.209376276
4 0.310120314 0.438125014 0.121484518 0.120006718
4 0.448396862 0.519375026 0.092209421 0.163733453
