10 0.280865103 0.378806263 0.046191197 0.063454494
10 0.579104185 0.758208334 0.048553307 0.060581896
9 0.689880192 0.526875019 0.124276996 0.150914297
9 0.415749490 0.646646500 0.118799053 0.164609969
2 0.764026046 0.250625014 0.474248916 0.382900327
5 0.340343744 0.887541652 0.077528097 0.211621761
6 0.196893752 0.771875024 0.172037438 0.169707716
1 0.403306782 0.511874974 0.377965689 0.132098570
11 0.183029681 0.630645156 0.088933863 0.123879224
5 0.587161481 0.639597893 0.140463278 0.196937665
6 0.518812001 0.902006924 0.162485406 0.097679563
1 0.574651062 0.293125004 0.383659750 0.211664543
2 0.223947912 0.330624998 0.389518231 0.543105304
11 0.837171853 0.635625005 0.095312439 0.124305621
