7 0.438376576 0.610625029 0.030520877 0.040774610
7 0.590682268 0.560000002 0.035208385 0.043446541
2 0.308116138 0.556874990 0.210351706 0.661616325
2 0.607713521 0.324375004 0.503349364 0.267701536
1 0.184869796 0.571874976 0.068239689 0.499224991
1 0.514529169 0.539375007 0.372536421 0.189476222
3 0.419338554 0.776875019 0.271995276 0.316634655
3 0.271042198 0.365624994 0.110573910 0.413481086
4 0.531562507 0.433124989 0.107406616 0.157513276
4 0.421342701 0.665624976 0.122671403 0.137135297
5 0.509519279 0.726875007 0.122130908 0.206615865
5 0.682864606 0.650624990 0.157304838 0.176816091
6 0.607744813 0.697916687 0.168871477 0.136496484
6 0.392284364 0.360624999 0.082926512 0.212180078
8 0.354208320 0.759374976 0.133258387 0.191306487
8 0.427354693 0.343124986 0.111420512 0.187245265
