9 0.427420825 0.744409740 0.121600389 0.149661377
11 0.312786460 0.643157661 0.089611053 0.122600235
8 0.280034363 0.175138190 0.076950431 0.163293675
10 0.406949490 0.489086121 0.044606090 0.060594082
6 0.611374974 0.668179870 0.167319223 0.136432379
3 0.133021355 0.350120842 0.108905159 0.416413039
7 0.544385433 0.546387494 0.033933241 0.045730166
5 0.425725520 0.233457640 0.072621383 0.210536212
2 0.843052089 0.372015983 0.245564625 0.636491776
4 0.390490621 0.391455561 0.126085937 0.063059807
12 0.261239588 0.329498619 0.052743357 0.101233214
1 0.656708360 0.444319457 0.332077146 0.357951790
0 0.689999998 0.772125006 0.046820801 0.066007242
