9 0.358538538 0.264832646 0.118041314 0.154191688
9 0.706166685 0.593969464 0.113106169 0.159296304
11 0.153390631 0.455484033 0.089967571 0.116300076
11 0.448024988 0.903062522 0.083860397 0.124031387
10 0.249334902 0.639327765 0.046882827 0.057280380
12 0.757598937 0.328970820 0.072465502 0.064180665
10 0.375010431 0.717145860 0.045104187 0.062905520
0 0.528057277 0.311142355 0.048138816 0.058604505
0 0.540635407 0.748472214 0.045622826 0.054112118
12 0.450546861 0.490606248 0.072374426 0.040648036
