9 0.345691144 0.880625010 0.120312490 0.159617424
9 0.762026012 0.200000003 0.119583368 0.166359022
11 0.239095837 0.503788173 0.089800537 0.108908333
11 0.467935950 0.164375007 0.086770855 0.119598612
10 0.476453125 0.403750002 0.050208330 0.062150717
10 0.429859906 0.589375019 0.047395825 0.063486733
0 0.481956244 0.714923620 0.041734260 0.064277068
0 0.552770853 0.839819431 0.038101118 0.057838440
12 0.613166690 0.457520127 0.046346944 0.098990835
12 0.367064059 0.279175013 0.058391649 0.097102456
