8 0.487920314 0.866569459 0.079673767 0.164661467
8 0.347330719 0.191294447 0.138689101 0.168259159
7 0.387307823 0.634236097 0.034035403 0.045321092
3 0.604703128 0.095886804 0.313208818 0.134208262
7 0.780916691 0.316545129 0.035737991 0.046063714
12 0.533854187 0.649404883 0.026217580 0.095009483
4 0.474707812 0.324575692 0.044517357 0.169046670
12 0.294269800 0.476128459 0.051968854 0.100964755
3 0.196721360 0.609221518 0.285816640 0.290435046
4 0.670651019 0.810263872 0.089664139 0.163619459
0 0.592552066 0.507125676 0.051215608 0.066840015
0 0.647864580 0.315278471 0.049152929 0.062237367
