9 0.367927611 0.742208362 0.120505832 0.156053647
11 0.758994818 0.380910426 0.089495815 0.119123988
8 0.310679168 0.334842354 0.105024971 0.183861524
6 0.264653116 0.716694474 0.053926945 0.216419592
7 0.553119779 0.298870146 0.033009529 0.044012681
3 0.183671877 0.431520134 0.111902215 0.424396396
1 0.542661488 0.692492366 0.083090864 0.504642487
12 0.649609387 0.297047913 0.056044579 0.103823081
10 0.765244782 0.105953470 0.049534559 0.067589894
2 0.467671871 0.124372222 0.501883090 0.106610984
5 0.664229155 0.602672935 0.152833819 0.170169085
0 0.357754171 0.475432634 0.044368427 0.066578202
4 0.677088559 0.831236124 0.117844425 0.144661367
