8 0.873927057 0.618437529 0.136159897 0.148635074
8 0.221819788 0.405279875 0.128280997 0.184433401
6 0.580177069 0.460261792 0.070090853 0.210762337
6 0.622093737 0.127962500 0.117798962 0.219831198
7 0.524578154 0.427178472 0.031756360 0.045165513
2 0.392997921 0.587183356 0.202344224 0.656836927
7 0.420610934 0.804499984 0.031928699 0.043605223
5 0.740984380 0.628125012 0.145502880 0.194017991
3 0.340180218 0.448125005 0.139173910 0.419147283
1 0.576130211 0.599899292 0.361878157 0.250373155
4 0.480853111 0.810069442 0.063390099 0.169798002
1 0.635406256 0.828458309 0.348069817 0.324156344
2 0.631276071 0.324181259 0.435075760 0.434620380
4 0.233748958 0.670091689 0.082007051 0.162836492
5 0.708468735 0.700652778 0.142151758 0.184981510
3 0.825151026 0.343124986 0.286394268 0.290440947
