9 0.602687478 0.764597237 0.123384714 0.151329100
8 0.180493236 0.603753448 0.137352929 0.175117388
11 0.836401045 0.526216686 0.092250586 0.108916655
7 0.231970832 0.084024303 0.033990581 0.043937683
3 0.644260406 0.146921530 0.314018518 0.144233376
6 0.433417201 0.370565981 0.163207248 0.141662523
1 0.498185426 0.684017360 0.282892138 0.418605596
0 0.578942716 0.260911793 0.033196051 0.053220909
10 0.689364612 0.374151379 0.047315676 0.060343929
12 0.698979139 0.495327085 0.073860608 0.074562177
5 0.397294790 0.155625001 0.157495305 0.102830127
2 0.244990110 0.418125004 0.385176659 0.547295034
4 0.749499977 0.668272913 0.056451004 0.168689311
