9 0.524046898 0.316249996 0.117708363 0.154334724
9 0.201312497 0.644840300 0.115104169 0.157638863
11 0.406312495 0.620625019 0.090520859 0.115590945
11 0.221730202 0.285891652 0.085785925 0.120097242
10 0.438423961 0.802326381 0.047395825 0.064583302
10 0.622869790 0.805680573 0.050261497 0.062264178
0 0.626489580 0.577125013 0.041592002 0.063880600
0 0.319314063 0.542503476 0.039539635 0.059854720
12 0.309880733 0.767083347 0.038659137 0.100559339
12 0.349991679 0.271682650 0.074392557 0.070502311
