9 0.118544273 0.434056938 0.121392705 0.150044411
9 0.362664074 0.599736094 0.112507820 0.154628545
11 0.411823452 0.236249998 0.089062490 0.121726379
11 0.144789577 0.665000021 0.089299478 0.115670837
10 0.210420832 0.301250011 0.050208330 0.063486628
10 0.571140647 0.816250026 0.050208330 0.066158667
0 0.582187474 0.509328485 0.048112232 0.068981014
0 0.536572933 0.258125007 0.050191402 0.068079151
12 0.306111991 0.351875007 0.077695645 0.090341464
12 0.323146343 0.858124971 0.046321612 0.106626034
