10 0.220390111 0.111771531 0.047867239 0.065424338
10 0.304506779 0.686857641 0.046453517 0.064053744
9 0.667541683 0.269496530 0.118891954 0.153604746
9 0.470991671 0.341026396 0.118363142 0.155169085
5 0.925130188 0.580605567 0.120911919 0.209088862
11 0.393938035 0.100175694 0.090960063 0.115633726
11 0.577083349 0.871041656 0.087848105 0.124586686
6 0.851734400 0.313720137 0.139781639 0.208181217
5 0.451379687 0.854729176 0.105870403 0.212789327
1 0.633765638 0.633125007 0.374578595 0.147527009
1 0.358216673 0.594375014 0.129594699 0.502143443
2 0.749000013 0.091875002 0.493968457 0.161240026
6 0.156813547 0.488124996 0.067663990 0.220013306
2 0.215931773 0.623125017 0.082270063 0.674863935
