9 0.139114067 0.667284012 0.123901129 0.151717827
9 0.466688544 0.447320133 0.122849464 0.151523411
8 0.219940111 0.211875007 0.142539248 0.152333185
11 0.253738552 0.432672918 0.091057979 0.119991936
11 0.425221354 0.558073640 0.086253323 0.125013992
7 0.253310949 0.748048604 0.035767477 0.045977432
10 0.357350528 0.153736115 0.048278611 0.063612752
4 0.377631247 0.069005139 0.125339448 0.068138920
12 0.351118743 0.385609031 0.074126959 0.052170090
12 0.240141660 0.099853471 0.043191493 0.100457795
3 0.639276028 0.489997208 0.305294961 0.221198559
6 0.399713546 0.753965259 0.054629445 0.208994493
2 0.317847908 0.587543726 0.489521593 0.289711982
1 0.440163016 0.217486113 0.362547398 0.263217777
5 0.510848939 0.344377786 0.153373197 0.179902658
0 0.537177086 0.416655570 0.050180834 0.065754019
0 0.389087498 0.356935412 0.050711911 0.067879096
10 0.179029167 0.331076384 0.049906332 0.062707633
