9 0.588677108 0.866874993 0.115151048 0.160597265
9 0.306860924 0.227671534 0.117900528 0.154628456
11 0.561140597 0.127936810 0.090104222 0.118750006
11 0.363229692 0.600083351 0.088796876 0.109534793
10 0.696609378 0.298477083 0.049698353 0.058949947
10 0.217434898 0.516875029 0.049299676 0.061259430
0 0.565276027 0.432958335 0.044450361 0.064893961
0 0.408307821 0.365668744 0.046451807 0.055359311
12 0.511567175 0.673168063 0.031160792 0.097081289
12 0.139236465 0.375447214 0.049704682 0.099184670
