9 0.538682282 0.106288888 0.121874966 0.154100731
9 0.089593232 0.488891661 0.117334753 0.159037486
8 0.802104175 0.402322233 0.111426912 0.181417227
11 0.176907286 0.675409734 0.088896669 0.124324478
11 0.552640617 0.727305532 0.082217455 0.122244626
10 0.728130221 0.581820846 0.046625216 0.063096255
5 0.137565106 0.389290273 0.157561496 0.090508305
12 0.226994276 0.404947221 0.067069687 0.094523057
0 0.624885440 0.597004890 0.033268768 0.055403497
12 0.364303112 0.125754863 0.073238768 0.045892306
7 0.695380211 0.466371536 0.035736401 0.045538690
3 0.601135433 0.178842366 0.294639468 0.265574455
10 0.452471882 0.371308327 0.045943934 0.064603060
2 0.497489065 0.508649290 0.457756877 0.398251235
6 0.656838536 0.579515278 0.088447489 0.217262581
4 0.378558338 0.178776383 0.092638135 0.163867772
1 0.366407812 0.782486141 0.312288612 0.400414139
0 0.357214570 0.375625014 0.052523058 0.065606147
