9 0.485470831 0.448749989 0.117708325 0.152999327
9 0.464197904 0.191660419 0.111979209 0.158361092
11 0.328108847 0.495097220 0.086288013 0.117676392
11 0.827526033 0.634043038 0.090302072 0.113340959
10 0.760020852 0.406250000 0.050208330 0.062150743
10 0.678234398 0.620695114 0.046354175 0.060047254
0 0.703135431 0.226400688 0.045953352 0.053328540
0 0.406747401 0.686518073 0.042964298 0.061753750
12 0.588885427 0.255903482 0.074135222 0.054384947
12 0.592786431 0.681090951 0.056530554 0.099129573
