9 0.701744795 0.318243057 0.114206672 0.160062000
8 0.504162490 0.249138191 0.140927628 0.175295591
11 0.657213569 0.782083333 0.087096967 0.122656025
6 0.427963018 0.518115997 0.089732252 0.222773135
7 0.336006761 0.661544442 0.034170289 0.044550579
10 0.581421852 0.533136129 0.046759445 0.061073463
5 0.840531230 0.691792369 0.163525745 0.128758848
12 0.699744821 0.508143723 0.045606297 0.106205568
3 0.214880735 0.628994465 0.165502653 0.414939612
4 0.446037501 0.870881915 0.053158682 0.171044514
0 0.559260428 0.378256261 0.048497517 0.071157455
2 0.826682270 0.330812514 0.316399962 0.603053153
1 0.221062496 0.321051389 0.348438174 0.327443898
