9 0.384541154 0.816187501 0.122387804 0.152175158
8 0.803499997 0.458153486 0.074966587 0.159419030
11 0.322677612 0.496781945 0.087820686 0.122196011
5 0.416429698 0.279285431 0.069613099 0.210900366
7 0.637848973 0.509432614 0.034116823 0.047381137
10 0.694505215 0.850840271 0.050761700 0.063345224
1 0.711958349 0.229744449 0.370849371 0.196229920
12 0.275473446 0.620410442 0.077504218 0.056163151
0 0.626796901 0.643120110 0.039005559 0.058475919
6 0.851036429 0.778006971 0.111372076 0.222168073
4 0.500973463 0.780701399 0.071483970 0.172310933
2 0.385375530 0.634397924 0.408143878 0.507473409
3 0.259982824 0.333655566 0.212774411 0.391396791
