9 0.209418744 0.143124998 0.118645847 0.157006949
9 0.670151055 0.159822911 0.118402161 0.148088187
11 0.769119799 0.453056246 0.087804638 0.119015984
10 0.521041691 0.306250006 0.050208330 0.066158690
11 0.335170299 0.740625024 0.091458321 0.116927043
10 0.337174475 0.558125019 0.051145833 0.067494713
12 0.370832294 0.265301377 0.054374497 0.099957138
0 0.419839591 0.443125010 0.036145806 0.050126657
0 0.476905197 0.414454848 0.051584918 0.067031540
12 0.476716667 0.687097251 0.041426223 0.100230902
