8 0.294717193 0.760118067 0.104264259 0.181414917
8 0.874677062 0.482363880 0.139988735 0.154711545
7 0.490504175 0.688615263 0.034430027 0.044868153
7 0.496421874 0.543553472 0.035088222 0.046589799
3 0.453989595 0.101505555 0.313042164 0.170424432
12 0.302962512 0.488778472 0.049491525 0.104424849
4 0.620796859 0.522468746 0.044669230 0.163689718
12 0.203029692 0.686656237 0.037448008 0.100279383
3 0.217835411 0.436320126 0.211291984 0.388489008
4 0.422323972 0.375196517 0.122879028 0.134274960
0 0.595302105 0.747527778 0.038747828 0.061052959
0 0.371974468 0.920263886 0.051300090 0.068727762
