8 0.192468226 0.652309716 0.091603041 0.171266019
8 0.552250028 0.642389596 0.091643415 0.172637090
7 0.430782288 0.288228482 0.035327274 0.046198025
7 0.478312492 0.773402750 0.034514587 0.045949034
12 0.389558345 0.427032650 0.074460067 0.069576211
3 0.189531773 0.386290282 0.310730964 0.226520613
3 0.583885431 0.354691654 0.274723172 0.306023806
0 0.655729175 0.427588880 0.038099051 0.058033042
4 0.552942693 0.177625701 0.055102985 0.166626111
4 0.381262511 0.071874999 0.091877937 0.164650083
12 0.337174475 0.643714607 0.033389766 0.098901697
0 0.269051045 0.226588890 0.045269173 0.068134256
