8 0.753604174 0.264154166 0.135685757 0.149249136
8 0.295082808 0.679809749 0.078667857 0.161273316
3 0.513527095 0.278124988 0.312458724 0.110320911
7 0.421255201 0.069940276 0.032746155 0.040195256
6 0.192304686 0.456356257 0.158357039 0.160313949
5 0.512030184 0.427148610 0.158440545 0.141166747
3 0.610468745 0.822513878 0.310918719 0.123594128
4 0.604333341 0.901215255 0.121104836 0.051553145
6 0.494092703 0.646433353 0.158543184 0.165228635
4 0.434439570 0.386484712 0.119779229 0.131272495
2 0.432876050 0.176805556 0.480403513 0.319948167
1 0.816531241 0.584981263 0.342189699 0.327991426
1 0.767000020 0.738763869 0.321549028 0.354637772
2 0.347194284 0.668124974 0.092969276 0.667780757
5 0.453406781 0.823125005 0.124041356 0.207140073
7 0.493486971 0.946874976 0.030520877 0.040774558
