9 0.131302088 0.486484021 0.114683539 0.162887305
9 0.523442686 0.731819451 0.122517265 0.158876315
11 0.789947927 0.530740261 0.091581106 0.116047226
11 0.267189592 0.575954854 0.090148747 0.107479729
8 0.376606256 0.312047929 0.139357492 0.162341416
10 0.566562474 0.575463891 0.048986513 0.064101540
7 0.733682275 0.647962511 0.034930468 0.045208190
5 0.416130215 0.643909037 0.093976736 0.218753919
10 0.277918220 0.409730554 0.046376068 0.058630653
3 0.563869774 0.292888194 0.309464931 0.189839303
6 0.743677080 0.353582650 0.140484497 0.208399117
1 0.605843723 0.522949278 0.193780422 0.494612157
0 0.206672400 0.649897218 0.042644262 0.061605718
2 0.370947927 0.201950699 0.477644771 0.337442100
12 0.494416654 0.505821526 0.068661928 0.082524881
4 0.358141154 0.567863882 0.090395369 0.162543833
12 0.389728129 0.395467371 0.050533134 0.102752261
0 0.526906252 0.498747230 0.048340160 0.067834005
