9 0.850015640 0.147543058 0.117336594 0.165105775
9 0.407095313 0.642334700 0.111965418 0.159906551
11 0.662609398 0.473919451 0.092892885 0.114594251
11 0.623979151 0.166832641 0.086035252 0.124376401
12 0.757020831 0.778298616 0.030880451 0.096679263
12 0.867411435 0.608906925 0.073507152 0.043573007
10 0.512501538 0.406715274 0.048353273 0.062337849
10 0.877765596 0.808333337 0.045783281 0.065481082
0 0.817817688 0.427138895 0.052483320 0.068234071
0 0.560401022 0.735458314 0.045696139 0.065876484
