11 0.420645326 0.584590256 0.091002107 0.107090473
8 0.263561457 0.302121520 0.090419590 0.171648502
9 0.684020817 0.789034724 0.115085684 0.166770354
7 0.309826553 0.478972912 0.033908486 0.045211211
6 0.814473987 0.592156231 0.173419714 0.157151431
10 0.575958312 0.732333362 0.048748296 0.063228503
12 0.409166664 0.364463180 0.027014256 0.097742505
5 0.442713529 0.767826378 0.138365149 0.201106712
3 0.123735934 0.321897209 0.178918526 0.409319520
1 0.527895808 0.379734039 0.285788447 0.425014287
2 0.662036479 0.234600693 0.464288861 0.392186522
0 0.509058356 0.521098614 0.048279643 0.068903342
4 0.231182814 0.567832649 0.130311832 0.109772734
