9 0.766385436 0.821631968 0.121128641 0.163462371
8 0.431126565 0.609304190 0.074479222 0.159637660
11 0.326622397 0.350507647 0.091788389 0.117048793
7 0.299279153 0.151086807 0.034988642 0.045785852
5 0.535145819 0.390540957 0.106417336 0.212617636
1 0.489760935 0.818055570 0.375505835 0.210996523
2 0.605822921 0.132829159 0.497834921 0.237192467
10 0.246270835 0.640945852 0.050587218 0.060429361
3 0.194690630 0.491747230 0.162041739 0.416245341
6 0.759734392 0.507173598 0.149448708 0.200934619
4 0.697182298 0.375966668 0.123522796 0.142579019
12 0.379919797 0.724743068 0.075160943 0.057896562
0 0.431456774 0.231640279 0.049725771 0.070712619
