10 0.356212497 0.586875021 0.049631417 0.064546160
10 0.514529169 0.603124976 0.047152240 0.063547663
11 0.423904181 0.306650698 0.089543976 0.120484062
10 0.362515092 0.416231930 0.111475863 0.151958287
11 0.568229139 0.552324295 0.089122929 0.112994090
9 0.546369791 0.433445126 0.115299903 0.158494398
5 0.585671902 0.338124990 0.160708666 0.088367835
5 0.370240629 0.523124993 0.158777401 0.175467119
2 0.462424994 0.203125000 0.482852489 0.354580790
6 0.576651037 0.295625001 0.171092227 0.144998372
6 0.244990110 0.463124990 0.072578110 0.200623855
1 0.589677095 0.230625004 0.340894371 0.365207672
1 0.275407821 0.580708325 0.100438081 0.504095912
2 0.384268761 0.620625019 0.300233513 0.616970479
