7 0.634770811 0.497500002 0.035208344 0.043446541
2 0.395290613 0.374374986 0.424622148 0.486234814
2 0.663828135 0.603124976 0.161680698 0.666112840
1 0.799098969 0.409375012 0.229965135 0.464549392
1 0.407314569 0.554374993 0.372501940 0.209165409
3 0.723947942 0.665624976 0.297443599 0.268117279
3 0.581713557 0.285612494 0.240931585 0.373621464
8 0.503506780 0.230625004 0.138192534 0.170603976
8 0.499498963 0.761874974 0.122638427 0.190767705
6 0.683869779 0.778124988 0.149810910 0.178787231
6 0.318136454 0.451875001 0.111988150 0.223241910
5 0.439378649 0.334374994 0.082721032 0.205744848
5 0.323146343 0.344375014 0.135610744 0.203982249
4 0.541583359 0.378125012 0.124047756 0.128240481
4 0.386272401 0.696874976 0.127632335 0.074541040
7 0.161692187 0.490831941 0.031911612 0.020344786
