10 0.313313007 0.557906926 0.047944706 0.062861390
11 0.282320321 0.752597213 0.090330102 0.118951112
9 0.295334369 0.313267350 0.114948928 0.159181595
0 0.609718740 0.493124992 0.042249322 0.066204816
12 0.662828147 0.426874995 0.069571339 0.104025923
4 0.756010413 0.506874979 0.119503975 0.157349646
8 0.795088530 0.655624986 0.145806000 0.164200574
6 0.877567708 0.469206959 0.084797062 0.222684547
7 0.538911462 0.635193765 0.032917738 0.044082325
1 0.655812502 0.271874994 0.371504784 0.120210372
5 0.609515607 0.748361111 0.158547759 0.087579936
2 0.130761459 0.609375000 0.081858404 0.667827129
3 0.435261458 0.608661115 0.070101105 0.408438623
