10 0.382863551 0.717645824 0.051119369 0.066332661
10 0.407090098 0.457166672 0.047472477 0.063725047
9 0.444536448 0.136600688 0.118284225 0.160149336
11 0.585708320 0.413530558 0.089728869 0.116623610
9 0.768036485 0.363124996 0.114174925 0.164434493
11 0.218877077 0.334150702 0.090889774 0.116623878
1 0.607713521 0.706875026 0.335130692 0.362313688
6 0.468436986 0.451875001 0.158409789 0.188524485
2 0.745989561 0.706875026 0.396268994 0.526102185
6 0.338176548 0.711875021 0.147202954 0.208545521
5 0.248997912 0.666875005 0.159952268 0.180389404
2 0.223947912 0.503125012 0.395937592 0.527523577
1 0.787072897 0.168125004 0.346928835 0.320680469
5 0.567635417 0.588124990 0.156568959 0.163897410
