9 0.447394788 0.318125010 0.119719781 0.145555556
11 0.287073970 0.764374971 0.083854176 0.113194466
10 0.447895825 0.138750002 0.048333365 0.063486665
7 0.619390607 0.678094447 0.031770784 0.046527758
7 0.896281242 0.424136817 0.033854168 0.041813269
1 0.677854180 0.430624992 0.366497755 0.090894252
2 0.638776064 0.794375002 0.475815684 0.344679236
3 0.457170844 0.782611132 0.196780130 0.386974931
0 0.470440626 0.619374990 0.042605001 0.042024877
12 0.245992184 0.336874992 0.071406841 0.034361415
5 0.351202607 0.443125010 0.048617125 0.203194454
5 0.699901044 0.305624992 0.137999579 0.194995955
4 0.602703154 0.554374993 0.096912622 0.160133779
6 0.820140600 0.665624976 0.135444477 0.208215177
6 0.223947912 0.614374995 0.128646120 0.214155674
8 0.357214570 0.244375005 0.079365648 0.165115267
8 0.741984367 0.363124996 0.126474380 0.110310473
