8 0.561359346 0.753805578 0.135204121 0.184185565
9 0.345919788 0.851541638 0.119920932 0.154238164
8 0.188723952 0.390395135 0.121858619 0.095782600
11 0.692197919 0.540587485 0.091288805 0.115984812
10 0.360066652 0.732465267 0.048182327 0.064249247
6 0.636817694 0.305437505 0.160197094 0.178083241
3 0.617234349 0.651974320 0.310412973 0.177688181
7 0.382982284 0.676393032 0.034119565 0.041095838
4 0.462495834 0.782750010 0.119187914 0.145697907
7 0.484232306 0.441660404 0.035230875 0.045985565
5 0.139217183 0.447476387 0.158139393 0.141312867
6 0.204278648 0.690625668 0.142306969 0.203282893
5 0.587416649 0.474544436 0.145726725 0.187546015
12 0.547161460 0.318702072 0.057390451 0.099573135
0 0.286421865 0.528899312 0.053758383 0.070058398
1 0.411506236 0.302278459 0.230439007 0.471268117
2 0.319138020 0.574374974 0.342874140 0.578618765
