9 0.632958353 0.324362487 0.119198762 0.160366878
9 0.386976033 0.800131917 0.122535013 0.150742799
11 0.670031250 0.678494453 0.089721598 0.119007744
11 0.298551053 0.195605561 0.091144323 0.118575402
6 0.619515598 0.507034004 0.143052697 0.211723506
10 0.771687508 0.381218046 0.047550518 0.061612207
1 0.203072399 0.557241678 0.118220173 0.499447942
10 0.531052113 0.790104151 0.045973938 0.063091487
5 0.467893749 0.213027090 0.125973344 0.209761605
1 0.825468779 0.574231923 0.136949137 0.496870190
2 0.097363017 0.422747225 0.116698384 0.665099442
5 0.400321871 0.635084748 0.148044989 0.179939106
2 0.640385389 0.100331947 0.506897986 0.175528020
6 0.502448976 0.512557626 0.067051090 0.217207849
