9 0.272547394 0.718840301 0.118886471 0.158978149
8 0.702895820 0.593594432 0.132264853 0.129018679
11 0.527380228 0.613795817 0.090903640 0.117340192
6 0.528046846 0.784923613 0.162129328 0.081872039
7 0.385176569 0.551818073 0.033583958 0.045037534
10 0.328667194 0.146381944 0.049072724 0.059421062
12 0.258222908 0.294792354 0.069270052 0.085877262
5 0.697010398 0.457585424 0.152225852 0.086011618
2 0.157226562 0.516922235 0.142349407 0.668816209
4 0.400479674 0.870284736 0.045796353 0.167654246
1 0.600052059 0.346086115 0.356023878 0.280036032
3 0.496493220 0.194374993 0.277306706 0.324205518
0 0.268007278 0.486784726 0.042955797 0.064298682
