9 0.278436452 0.717347205 0.120723464 0.159071982
11 0.528098941 0.328663886 0.091638170 0.116531901
8 0.355265617 0.223320141 0.078590550 0.164257586
7 0.665151060 0.828701377 0.034475446 0.045190547
3 0.623145819 0.180326387 0.306866497 0.199107751
10 0.606062472 0.517486095 0.046250939 0.063376695
6 0.468428135 0.724006951 0.163158730 0.147953883
2 0.173172399 0.386273623 0.237950966 0.649664640
0 0.410558343 0.902222216 0.035433810 0.051765814
4 0.431357294 0.479405552 0.113415837 0.154797718
1 0.756078124 0.523531258 0.226908252 0.470455706
5 0.670052111 0.414286792 0.071988426 0.210842192
12 0.275486976 0.400272906 0.062090158 0.097567715
