2 0.697895825 0.500625014 0.128337145 0.661087871
3 0.479458869 0.544375002 0.311991304 0.099042736
2 0.169945315 0.515795827 0.372074515 0.550809383
6 0.259018242 0.621874988 0.062623538 0.216909617
8 0.547593772 0.739374995 0.091484345 0.173660964
8 0.724947929 0.326875001 0.130624458 0.189107344
6 0.769036472 0.683125019 0.135843828 0.205423295
1 0.506513000 0.605624974 0.370666891 0.159808323
3 0.534567714 0.323125005 0.299791008 0.276991338
1 0.444388539 0.494374990 0.369997948 0.214333743
5 0.402304679 0.388125002 0.113325000 0.212493151
4 0.312124491 0.380625010 0.043452818 0.145307913
5 0.657817721 0.776875019 0.151844904 0.168005943
4 0.592687488 0.783124983 0.101429939 0.149968684
7 0.786572933 0.843750000 0.031458378 0.044782639
7 0.337174475 0.332500011 0.037083346 0.043446593
