9 0.106031246 0.772590280 0.120362341 0.155624926
9 0.768401027 0.428727776 0.122399412 0.151047975
11 0.760276020 0.891395807 0.090447582 0.118522696
11 0.414431781 0.412732631 0.089583278 0.118750572
6 0.814130187 0.660624981 0.136857748 0.216800153
5 0.618739605 0.286875010 0.167376682 0.121759415
10 0.408316672 0.925625026 0.049206216 0.065608233
10 0.808286488 0.575666666 0.045822065 0.059674263
6 0.670843720 0.803125024 0.166219398 0.175316542
2 0.442384899 0.268124998 0.473244280 0.381214738
2 0.417334884 0.625625014 0.499729156 0.152626202
5 0.100717708 0.371790290 0.163297728 0.091676526
1 0.233967707 0.539375007 0.373039722 0.151695997
1 0.440380722 0.750625014 0.379374832 0.175854787
