9 0.484612495 0.367224991 0.118839584 0.146286890
9 0.710739613 0.215181246 0.121054053 0.151747495
11 0.738250017 0.668515980 0.089370728 0.120545015
11 0.453984380 0.818256974 0.088703156 0.119207330
12 0.850557268 0.411449313 0.071313538 0.086337514
10 0.594218731 0.519036829 0.045513552 0.064238869
10 0.403894275 0.583786786 0.047258336 0.058983963
0 0.643177092 0.795798600 0.033349235 0.054403305
12 0.497145325 0.672249317 0.074243508 0.068170018
0 0.645984352 0.382919431 0.049013454 0.067544490
