8 0.598848939 0.231845140 0.107468687 0.179918498
8 0.645364583 0.448143065 0.113997065 0.182561219
6 0.771125019 0.364931941 0.122925125 0.217061788
6 0.332064569 0.314355552 0.159726396 0.156096429
7 0.461310923 0.743236125 0.030835509 0.045266945
5 0.231106251 0.430670142 0.160055056 0.078049421
4 0.206327602 0.255804867 0.123121180 0.056736547
2 0.812125027 0.611874998 0.199408844 0.649430692
1 0.255009890 0.526875019 0.371625096 0.256077379
7 0.550770819 0.158827081 0.030729771 0.043749996
3 0.451402605 0.126874998 0.310680866 0.122600585
5 0.612723947 0.809374988 0.129864767 0.204325676
2 0.361222386 0.238124996 0.467498183 0.400382668
3 0.332164586 0.656875014 0.289744467 0.275586724
1 0.578656256 0.548125029 0.331948519 0.362954795
4 0.742984354 0.226875007 0.121652842 0.126732722
