9 0.735249996 0.479393065 0.125069454 0.145009890
8 0.402540118 0.674743056 0.110636592 0.182725802
11 0.262127072 0.671880543 0.090047143 0.123031244
7 0.597494781 0.552497923 0.034538787 0.044896655
6 0.495480210 0.502028465 0.151822999 0.201475993
10 0.521562517 0.682920814 0.047966283 0.065173626
4 0.252636462 0.432918757 0.155536354 0.168270752
2 0.563624978 0.876874983 0.497710794 0.136108562
12 0.635348976 0.765090287 0.046591520 0.104349241
1 0.840630233 0.383573622 0.259433180 0.454801977
3 0.467779160 0.273286819 0.202109858 0.398668349
4 0.782708347 0.749527752 0.131209061 0.084138550
0 0.608380198 0.402868748 0.054268282 0.072261125
