9 0.131489068 0.158868060 0.122740008 0.148503229
8 0.343207806 0.327077091 0.125572607 0.189290792
11 0.477267712 0.551254869 0.087250434 0.123407260
5 0.527546883 0.338612497 0.052019238 0.206186503
7 0.717078149 0.340834022 0.033066351 0.045466926
10 0.691406250 0.625969470 0.045331795 0.064018197
6 0.257689059 0.610487521 0.130033776 0.223770037
2 0.637562513 0.224568754 0.497905880 0.228349611
1 0.462704688 0.704791665 0.366857976 0.246963874
12 0.361698449 0.529294431 0.055858493 0.101793766
0 0.262124479 0.256756932 0.051148117 0.070188493
3 0.745187521 0.467355549 0.286981195 0.292502880
4 0.154809371 0.460624993 0.089963734 0.170088738
