8 0.349505723 0.808375001 0.079857863 0.165408775
8 0.820656240 0.892416656 0.117169857 0.186944112
7 0.587723970 0.666481256 0.032830399 0.045803599
7 0.274399489 0.561439574 0.035131913 0.046931162
12 0.856682301 0.632729173 0.068717800 0.095429316
3 0.807494819 0.181285411 0.316445470 0.168686658
3 0.441240638 0.470806956 0.311982870 0.142931387
12 0.204846352 0.406837493 0.073534332 0.087203451
4 0.372194260 0.200165272 0.126391754 0.082437277
0 0.451292694 0.780090272 0.053468108 0.068934597
4 0.711046875 0.721069455 0.099916935 0.161951378
0 0.759130180 0.514246523 0.048157137 0.054388840
