8 0.274581760 0.356128484 0.081009232 0.164550722
8 0.309072912 0.597434044 0.087964736 0.174043968
7 0.443778634 0.595592380 0.034366369 0.045370474
3 0.067756251 0.486394435 0.084411412 0.411459804
3 0.488685936 0.121933334 0.311528176 0.196992457
7 0.651994765 0.424618065 0.035633486 0.045795467
12 0.216010943 0.511198640 0.063370444 0.100892648
4 0.510104179 0.288070828 0.119421482 0.140577525
12 0.193855211 0.875534713 0.076437555 0.072603017
0 0.652572930 0.733479142 0.049398184 0.056020737
0 0.381421357 0.907493055 0.050911110 0.068746194
4 0.163117185 0.728541672 0.125980198 0.127692282
