8 0.589604139 0.828791678 0.127338812 0.184149474
8 0.326595843 0.275177777 0.144378528 0.167247519
7 0.375082821 0.687854171 0.034929473 0.045178361
12 0.192634895 0.700256944 0.037801284 0.098726004
3 0.128689066 0.544356227 0.135189459 0.418456078
7 0.415468752 0.532820165 0.035372298 0.046643786
0 0.261305213 0.497092366 0.035047334 0.052674081
4 0.774822891 0.592355549 0.063169561 0.170925558
0 0.570937514 0.503906250 0.037510395 0.058976915
12 0.357673973 0.917361140 0.034506720 0.098265857
3 0.569890618 0.217677087 0.270163983 0.334756255
4 0.714734375 0.306659728 0.129765436 0.097949058
