7 0.393286467 0.446249992 0.035551310 0.045138914
1 0.317134380 0.379375011 0.076703727 0.498157829
1 0.415330738 0.756874979 0.337010890 0.359021187
2 0.307114065 0.339374989 0.503559351 0.089556612
2 0.450401038 0.640625000 0.382334381 0.558465302
3 0.349198431 0.455624998 0.069280766 0.411224514
3 0.461422920 0.618125021 0.096954346 0.415006042
4 0.555609345 0.419375002 0.102715254 0.164043844
4 0.668838561 0.423124999 0.127149031 0.086836070
5 0.581661463 0.628125012 0.153043270 0.142480105
5 0.422344804 0.555625021 0.155861780 0.125077456
6 0.489479154 0.484375000 0.165980935 0.152655706
6 0.425350517 0.299374998 0.153854534 0.072079264
8 0.134769797 0.430624992 0.139374182 0.149166033
8 0.401302606 0.698125005 0.143044233 0.132960260
