9 0.775114596 0.248745829 0.121268593 0.157781526
8 0.344763011 0.284559041 0.077614784 0.162237614
11 0.654390633 0.636962473 0.091962419 0.118963294
5 0.288288027 0.747381926 0.059709352 0.210407421
7 0.513563037 0.561553478 0.034009296 0.045345623
2 0.604473948 0.086769447 0.490033537 0.094719075
6 0.271379679 0.485700011 0.106967352 0.221323967
3 0.199165106 0.301123619 0.150913835 0.413255483
1 0.635031223 0.427569449 0.362428278 0.282270432
10 0.578072906 0.261255562 0.048039597 0.058395173
0 0.486867189 0.228491664 0.049554348 0.069997773
12 0.420520306 0.654917359 0.032284576 0.098722883
4 0.527671874 0.823722243 0.112787046 0.150585964
