8 0.238031253 0.634543777 0.138807416 0.170719564
8 0.266015619 0.244290978 0.117741905 0.184009627
7 0.671791673 0.546720862 0.034318846 0.045843441
7 0.381268233 0.660859704 0.035541933 0.046204142
3 0.554968774 0.218362495 0.311935902 0.169881731
0 0.222764060 0.806618035 0.038432121 0.061461449
12 0.517190099 0.051441457 0.069086634 0.091602407
3 0.488477081 0.518124998 0.272191793 0.317518502
4 0.637817681 0.360311121 0.124927841 0.110869303
4 0.382264584 0.876874983 0.129258871 0.077227965
12 0.546593726 0.790624976 0.056398112 0.099316970
0 0.201279685 0.427079856 0.048352104 0.066614866
