8 0.489802092 0.829201400 0.084089637 0.167117119
9 0.599265635 0.207051381 0.115426935 0.158946618
11 0.838802099 0.307575703 0.090345383 0.120460458
12 0.834192693 0.552650690 0.070390463 0.085367732
10 0.577786446 0.547379196 0.045221329 0.061171480
7 0.632635415 0.445852071 0.033086181 0.041691408
6 0.339890093 0.659338892 0.131532669 0.213213131
2 0.668994784 0.542538881 0.117817998 0.665433109
1 0.341343760 0.201039582 0.357051462 0.294685572
3 0.210506245 0.550797939 0.191039741 0.400694102
5 0.346696347 0.332538903 0.144519463 0.189428359
4 0.462465107 0.586559713 0.044529360 0.164336786
0 0.281348944 0.769305527 0.049239915 0.067753263
