9 0.319744796 0.296900690 0.111710630 0.158658952
8 0.364190102 0.517622888 0.094281472 0.173769444
11 0.795854151 0.694179177 0.092774786 0.117429681
10 0.461732298 0.513343036 0.044507425 0.065337025
6 0.545187473 0.558991671 0.091195382 0.219411537
5 0.458532304 0.780062497 0.121464692 0.210421458
7 0.270831257 0.603878498 0.033708852 0.044779673
2 0.150801569 0.396874994 0.209265545 0.664364576
4 0.426181763 0.642722905 0.051920295 0.172153845
1 0.533130229 0.239943743 0.342945665 0.325212538
0 0.320717186 0.762166679 0.034101546 0.052658822
12 0.515438557 0.317999989 0.059516430 0.098281570
3 0.688026071 0.586752772 0.225298330 0.377499938
