9 0.605515599 0.694909751 0.119769335 0.155632704
9 0.506366670 0.106818058 0.119818531 0.154611424
11 0.219557285 0.509597242 0.089142226 0.120163761
11 0.382167190 0.187345132 0.086145245 0.124073081
5 0.468680739 0.925680578 0.164815977 0.102794856
10 0.368534893 0.356228471 0.045686603 0.059344158
6 0.302104175 0.400624990 0.122958779 0.230989560
5 0.766458333 0.699562490 0.165513515 0.139371768
10 0.486730725 0.739076376 0.046215218 0.059731007
6 0.634770811 0.875625014 0.145083502 0.215331450
2 0.496888548 0.368046522 0.364702553 0.548638046
1 0.421342701 0.573125005 0.300776303 0.415807486
2 0.458416671 0.620625019 0.389916748 0.550711393
1 0.796057284 0.504823625 0.381438732 0.147291824
