8 0.317719787 0.330137491 0.102980532 0.180331171
8 0.661640644 0.710333347 0.086777568 0.170816362
7 0.378689587 0.157501385 0.034753758 0.045442540
3 0.161041662 0.529314578 0.102390677 0.418393105
7 0.533666670 0.467367351 0.034148019 0.045530744
3 0.682963550 0.235570833 0.319309443 0.127715170
12 0.447980732 0.632818043 0.060276706 0.097738370
12 0.427708328 0.483198613 0.076737761 0.055520430
0 0.292864591 0.640833318 0.043707252 0.062935933
4 0.477671355 0.861777782 0.095587254 0.169041634
0 0.440335929 0.288327783 0.056335449 0.072517075
4 0.661994815 0.266086102 0.041978598 0.164153516
