9 0.763489604 0.579966664 0.122678518 0.149717435
9 0.219294265 0.427029848 0.122782826 0.150324985
11 0.540328145 0.160503477 0.091245413 0.111559376
11 0.461127073 0.746576369 0.088760458 0.114693113
10 0.593494773 0.464015275 0.049026728 0.062537514
10 0.164903119 0.657605529 0.048382360 0.063942537
0 0.413003117 0.464343041 0.052892406 0.069358245
12 0.675140619 0.275707632 0.037517071 0.097616725
12 0.313518226 0.165777087 0.067597270 0.094245911
0 0.309457302 0.766423583 0.045448702 0.052414577
