9 0.292334884 0.599541664 0.119889773 0.154128820
8 0.420936972 0.783777773 0.083034121 0.165067509
11 0.750968754 0.360172927 0.089598097 0.119611792
7 0.578343749 0.615311801 0.033948261 0.045145299
12 0.621687472 0.178761810 0.074646436 0.081463046
6 0.478445321 0.549686134 0.133588955 0.217198685
5 0.445118755 0.371585429 0.122661114 0.209030688
10 0.531468749 0.933895826 0.047143776 0.067262754
2 0.889135420 0.364756256 0.176759556 0.652909517
1 0.765770853 0.708756924 0.284454823 0.429813921
0 0.593161464 0.376766652 0.053609610 0.070073284
3 0.373246342 0.231875002 0.228688955 0.392612576
4 0.611588538 0.806805551 0.086632729 0.168899804
