9 0.498496860 0.193749994 0.117187537 0.160555556
9 0.307615101 0.660624981 0.123437501 0.158181936
0 0.479200512 0.669602752 0.047853034 0.066379227
0 0.131229162 0.574296534 0.034595627 0.057016585
12 0.312127084 0.367850006 0.038154066 0.099428862
12 0.416087508 0.374570847 0.061422903 0.094245486
11 0.351703644 0.161249995 0.090122379 0.114549316
11 0.097704686 0.322915286 0.093313016 0.110787496
10 0.203259900 0.451477081 0.048437517 0.061167318
10 0.221442714 0.158749998 0.050208330 0.063486665
