8 0.310391665 0.743631959 0.075457536 0.161698818
8 0.628083348 0.867020845 0.088928856 0.173005417
7 0.642515600 0.408983320 0.034605622 0.045234919
3 0.646791637 0.179374993 0.315667301 0.174939811
7 0.792510390 0.257334024 0.035404127 0.045284696
4 0.464077592 0.672286093 0.122503519 0.058543842
0 0.441038549 0.281747907 0.036914427 0.055842560
3 0.248997912 0.388125002 0.216020405 0.378802180
4 0.849380195 0.703229189 0.093878508 0.160464227
12 0.791286469 0.524791658 0.052999973 0.099035472
12 0.358176053 0.538166642 0.041753490 0.098690614
0 0.508517206 0.499374986 0.037460327 0.056776259
