9 0.329405218 0.669296503 0.121925868 0.158862695
9 0.587526023 0.696819425 0.124518633 0.151055872
11 0.747880220 0.507261097 0.092305817 0.105284482
11 0.105449483 0.536260426 0.089493155 0.122752771
8 0.404077590 0.148636118 0.126225471 0.111846685
3 0.218895316 0.337570846 0.073637486 0.418838978
7 0.563739598 0.403486818 0.033868033 0.043794498
10 0.649572909 0.555492342 0.044497848 0.063338757
10 0.643999994 0.284243047 0.044594605 0.058156066
6 0.489556760 0.685006261 0.083424054 0.219638512
1 0.694208324 0.338124305 0.371484965 0.153424159
12 0.499573946 0.431902766 0.050709922 0.101584643
0 0.430186450 0.656613886 0.032980483 0.043974027
4 0.366952091 0.279249310 0.124625526 0.064233460
5 0.349651039 0.437229156 0.148446321 0.185440645
0 0.522166669 0.587960422 0.043907326 0.064865746
2 0.367848963 0.813972235 0.479768842 0.325241774
