9 0.109060414 0.226602077 0.120726548 0.152665764
9 0.588994801 0.309297919 0.121412992 0.153014183
8 0.164380729 0.769645810 0.138378754 0.185863331
11 0.054299999 0.790381968 0.088131823 0.124783307
6 0.456330210 0.301014572 0.081662893 0.222632825
10 0.114002608 0.668679178 0.047497738 0.064716287
7 0.342815638 0.220833331 0.035585564 0.046028707
3 0.484805197 0.728965282 0.308980703 0.081086904
11 0.428144783 0.869979143 0.088499069 0.120379925
12 0.397997409 0.483159035 0.071646571 0.084867530
4 0.228233859 0.244153470 0.058751106 0.168866172
10 0.276964068 0.288132638 0.043528080 0.063316189
12 0.243148953 0.924534738 0.076652050 0.057179026
5 0.298285425 0.421092361 0.159314692 0.133799389
0 0.265801549 0.575224280 0.047858279 0.065983400
1 0.218479171 0.627349317 0.313345224 0.397242665
2 0.389349997 0.073327780 0.493528217 0.087578982
0 0.075336456 0.582635403 0.051792305 0.066647738
