10 0.651406229 0.777222216 0.047939699 0.063958488
9 0.323917717 0.484189570 0.114812575 0.156000778
11 0.837567687 0.638970852 0.089982748 0.118034571
8 0.732963562 0.358125001 0.105155312 0.187635347
7 0.632000029 0.624389589 0.034130890 0.045430977
0 0.436372906 0.524375021 0.055140615 0.062055800
5 0.231033340 0.356029153 0.157227084 0.166041881
3 0.270040095 0.659375012 0.309918612 0.265575528
6 0.605713546 0.404374987 0.160512969 0.086731754
12 0.691885412 0.629374981 0.049666245 0.109903231
4 0.463447392 0.316509038 0.041048687 0.171386927
2 0.547593772 0.161874995 0.506269157 0.210684642
1 0.532567680 0.673125029 0.225968286 0.490993172
