7 0.302605212 0.321249992 0.037083346 0.047454674
7 0.625750005 0.447499990 0.033333302 0.046118602
2 0.333166152 0.511874974 0.378586918 0.558986783
2 0.685869813 0.526875019 0.165159032 0.662506402
1 0.508517206 0.674374998 0.369960636 0.231238678
1 0.429358840 0.551874995 0.374423414 0.130204141
8 0.551604152 0.756874979 0.084729709 0.168695241
8 0.427354693 0.265625000 0.125331327 0.188189238
6 0.233967707 0.639374971 0.073190369 0.221411228
6 0.754010439 0.693125010 0.123473801 0.219629705
3 0.750000000 0.548125029 0.316412300 0.071244508
3 0.515531242 0.278124988 0.295518905 0.262721211
5 0.649802089 0.794375002 0.147605658 0.188837528
5 0.297094285 0.428124994 0.095810853 0.215922385
4 0.511522889 0.389375001 0.090379082 0.165891647
4 0.596692681 0.796875000 0.103272282 0.148747340
