8 0.631156266 0.476229161 0.111914277 0.182311326
11 0.419314057 0.356752783 0.090306960 0.112019911
9 0.282274485 0.540180564 0.118615903 0.152331561
5 0.165151566 0.330390275 0.155485049 0.086399049
7 0.412050009 0.649047196 0.033971786 0.043432873
6 0.697088540 0.638420165 0.145652130 0.203410625
10 0.497721881 0.626703501 0.043684721 0.061248407
12 0.519156754 0.401950687 0.074979663 0.071909323
1 0.171145320 0.676754832 0.217560410 0.472541809
0 0.587666690 0.820923626 0.042241018 0.061357602
3 0.642598987 0.263720840 0.309455782 0.081449829
2 0.432364583 0.110624999 0.503013730 0.184518039
4 0.350200534 0.705624998 0.104825653 0.163266495
