8 0.413531780 0.119240969 0.127054885 0.188311815
9 0.490924478 0.768312514 0.121970497 0.154453486
11 0.595869780 0.509139597 0.086871229 0.120635882
7 0.420477092 0.565025687 0.034797151 0.045941513
6 0.655807316 0.654631972 0.162317753 0.106799446
0 0.288883328 0.446344435 0.039453167 0.059112839
1 0.204976037 0.357771516 0.145083323 0.497245848
10 0.298074484 0.240911111 0.045521062 0.058206454
5 0.453613549 0.396531254 0.158390686 0.106497765
12 0.550838530 0.233134031 0.035165470 0.100921422
4 0.296092182 0.633125007 0.113540649 0.147798538
3 0.729817688 0.502102792 0.246743008 0.358315676
2 0.783067703 0.321875006 0.351404518 0.564411581
