10 0.378650516 0.602689564 0.046502113 0.061221495
10 0.127293751 0.085379861 0.048094850 0.064730868
9 0.403003126 0.830104172 0.122367501 0.152564794
9 0.596046865 0.384274989 0.116980076 0.150527582
11 0.604276061 0.917166650 0.088148676 0.122024640
5 0.497851551 0.699034750 0.102363385 0.212315664
5 0.495668739 0.481406242 0.054758627 0.205145836
11 0.552604139 0.068125002 0.088429928 0.125742719
6 0.742156267 0.396270126 0.089645065 0.222356960
1 0.233357817 0.509742379 0.164107010 0.501704514
1 0.675645828 0.765409708 0.168765381 0.490222186
6 0.361222386 0.143124998 0.159110487 0.081235632
2 0.596692681 0.221874997 0.483301789 0.340896010
2 0.912322938 0.574374974 0.116902195 0.658604562
