10 0.586562514 0.707652807 0.046816904 0.063682184
10 0.432242721 0.638034046 0.046282608 0.062906951
9 0.674026012 0.506299973 0.120355450 0.155204460
11 0.425076574 0.463445842 0.090376377 0.121160880
9 0.233027086 0.168242365 0.118401967 0.156566441
5 0.800635397 0.631396532 0.060778618 0.204231367
11 0.494083345 0.728006959 0.086536489 0.116302595
1 0.547593772 0.361874998 0.120910011 0.500154257
6 0.344188541 0.655624986 0.091794252 0.227197006
6 0.273803115 0.490359038 0.157266617 0.177386701
5 0.630156279 0.810881972 0.155261323 0.153616533
1 0.132765621 0.444375008 0.286509544 0.439795882
2 0.280059904 0.796875000 0.438432306 0.450935513
2 0.664828122 0.215625003 0.448754936 0.420161247
