10 0.327907294 0.292647928 0.046600025 0.061694913
9 0.684031248 0.493778467 0.114896573 0.159375161
0 0.538796902 0.539209723 0.052930314 0.078939281
11 0.418719798 0.157589585 0.087690197 0.120814644
7 0.562463522 0.146774307 0.034327108 0.044771247
12 0.820776045 0.613231957 0.077084221 0.070854716
5 0.236973956 0.500625014 0.103093483 0.218479693
4 0.358216673 0.725624979 0.077428080 0.169068173
2 0.840182304 0.309374988 0.311017513 0.590799987
6 0.431552082 0.440752089 0.156544849 0.194231927
3 0.574651062 0.685625017 0.298958272 0.264761925
1 0.197895840 0.243125007 0.252009481 0.454000801
8 0.645791650 0.286875010 0.139763311 0.156215504
