8 0.827557266 0.455197215 0.143414736 0.186210692
8 0.481229693 0.180684030 0.136657760 0.182523564
3 0.280241668 0.474745840 0.061718602 0.413171351
7 0.740260422 0.681343079 0.035388708 0.045688629
7 0.591234386 0.654806256 0.034922481 0.045431033
0 0.539916694 0.549821556 0.044070918 0.064862624
12 0.575083315 0.400938183 0.075628839 0.061600685
3 0.711307287 0.169197217 0.306359619 0.249052107
0 0.474615633 0.717097223 0.041787583 0.044403393
12 0.686828136 0.476277769 0.070163488 0.096380658
4 0.406645298 0.368761122 0.107085861 0.155464783
4 0.377601027 0.636104882 0.087255992 0.169330388
