9 0.803250015 0.731520832 0.117446817 0.161537647
9 0.427098423 0.698354185 0.118687153 0.151583463
11 0.223630205 0.497862488 0.088065684 0.120080337
11 0.851979196 0.381311119 0.092148148 0.110959873
10 0.662296891 0.767569423 0.044743974 0.064683646
0 0.789437473 0.531599283 0.042852163 0.062053151
12 0.437009364 0.258986115 0.073828019 0.061086759
10 0.663296878 0.375590980 0.048259139 0.059964314
12 0.562302113 0.455727071 0.029775897 0.095444761
0 0.381290108 0.421780556 0.039466143 0.060989566
