9 0.149073958 0.863777757 0.111645795 0.161055401
9 0.341224998 0.801701367 0.113050304 0.162870243
11 0.221156776 0.234915271 0.092008792 0.112735324
11 0.582052112 0.740145862 0.087065376 0.119040221
12 0.096622914 0.722805560 0.038565293 0.097765498
12 0.497595847 0.213643059 0.061391432 0.096722327
10 0.411622405 0.611717343 0.044385035 0.062477060
10 0.607723951 0.467336804 0.045725662 0.062533565
0 0.283977598 0.400126398 0.041125875 0.061576921
0 0.505627632 0.528990984 0.051163394 0.064730115
