10 0.280613542 0.259509712 0.047340393 0.063973054
9 0.769239604 0.744159698 0.119195066 0.153741524
10 0.588661432 0.458206236 0.046535730 0.063121982
11 0.329267710 0.839305580 0.089159332 0.118251696
11 0.890281260 0.641875029 0.098338842 0.116929106
9 0.509579659 0.837944448 0.115858398 0.155700684
5 0.420340627 0.324375004 0.128917888 0.222316816
6 0.340180218 0.548125029 0.163544223 0.193507984
5 0.630760431 0.428124994 0.162799597 0.142080382
2 0.722947896 0.230625004 0.481194407 0.353394926
1 0.451402605 0.576874971 0.177286342 0.501044810
6 0.587677062 0.659375012 0.053645968 0.214238957
2 0.185871869 0.513125002 0.071551122 0.670936465
1 0.598697901 0.271874994 0.343806177 0.341011882
