9 0.351429701 0.473799318 0.119008861 0.154706985
9 0.807984352 0.604856968 0.122007214 0.151995122
11 0.669369817 0.214688882 0.089283347 0.112686925
11 0.449401557 0.214633331 0.090407014 0.117221676
10 0.641380191 0.616348624 0.046449739 0.063286200
10 0.604093730 0.465030551 0.046700638 0.061948165
12 0.545781255 0.740347207 0.029647788 0.095241971
12 0.833124995 0.382529855 0.075716972 0.063924976
0 0.746692717 0.451195151 0.047928333 0.069628611
0 0.488341153 0.499369442 0.048581004 0.067109108
