8 0.597671866 0.704618037 0.115449034 0.185878858
9 0.715499997 0.117761113 0.123369336 0.150184795
11 0.436582297 0.512291670 0.092306815 0.113514796
6 0.272170842 0.232190967 0.098541699 0.220889032
7 0.505207837 0.073982641 0.035810273 0.044709783
1 0.755421877 0.382554859 0.369408131 0.240295336
10 0.726822913 0.619058311 0.046827953 0.064261913
5 0.560010433 0.476309717 0.154444858 0.092953205
2 0.246900007 0.663669467 0.254845589 0.636987209
4 0.559390604 0.238286108 0.122656025 0.131577760
3 0.459472924 0.718791664 0.243204355 0.366397649
12 0.817020833 0.628314555 0.052675407 0.098866619
0 0.419394284 0.301193744 0.050625641 0.070042767
