9 0.541588545 0.596400023 0.120629229 0.156329945
8 0.446200520 0.897909701 0.103270687 0.179392874
11 0.702328146 0.374145836 0.088889122 0.124044418
8 0.737161458 0.128489584 0.121791840 0.108998485
5 0.597796857 0.822256923 0.077147126 0.206808463
5 0.475246876 0.251314580 0.086767592 0.210870743
10 0.390345842 0.567452073 0.046004336 0.061747923
7 0.604296863 0.196750700 0.033756930 0.045659319
6 0.691526055 0.699729145 0.078062855 0.211025342
2 0.152533337 0.512925029 0.157876194 0.663031101
6 0.275938034 0.791305542 0.142082855 0.207342312
1 0.859015644 0.694090962 0.149184465 0.495905608
0 0.773244798 0.659716666 0.053947527 0.071591109
12 0.377284884 0.131821528 0.053978283 0.102770485
3 0.322712511 0.391497910 0.236203849 0.365438730
7 0.525895834 0.842506945 0.043890875 0.057259560
4 0.242855206 0.300613880 0.085479937 0.169174284
