9 0.695343733 0.225138187 0.120784439 0.156913951
8 0.367207825 0.143249303 0.111704208 0.183710545
8 0.599630237 0.186465278 0.128428698 0.186829388
11 0.484468222 0.219019443 0.089396238 0.121273041
10 0.366696358 0.401199311 0.047287386 0.063049898
7 0.275330722 0.289384723 0.033396762 0.042369656
7 0.193798438 0.581139565 0.035181880 0.046276834
5 0.186777607 0.189989582 0.090797223 0.212499395
5 0.363252610 0.671306252 0.066631593 0.203799456
1 0.262347907 0.463773608 0.366528720 0.245380089
6 0.510530233 0.645736814 0.145656586 0.197243959
12 0.102306768 0.526886821 0.052901533 0.100647874
6 0.696192682 0.345964581 0.163074300 0.160846770
3 0.756010413 0.564374983 0.305302948 0.271482885
4 0.622145832 0.347165972 0.129314378 0.095724583
2 0.564072907 0.570355535 0.409433931 0.500016093
0 0.464267701 0.754138887 0.048076153 0.067931704
