9 0.244356766 0.671684027 0.113920428 0.163398951
8 0.296485424 0.177604854 0.119695984 0.187822610
11 0.140976042 0.433796525 0.095218651 0.108711109
7 0.528317690 0.057763055 0.033916872 0.045222498
3 0.378844261 0.350293070 0.109181166 0.417655528
6 0.578286469 0.517793059 0.166467428 0.125407383
10 0.231785938 0.310401380 0.045236647 0.064653128
1 0.731578112 0.756548584 0.107476316 0.493387103
12 0.397690117 0.770805538 0.030766726 0.099174231
6 0.517827094 0.716680527 0.126981139 0.209328964
2 0.744229138 0.339055568 0.237629771 0.638772607
0 0.625265598 0.832291663 0.038280208 0.054492738
4 0.545947909 0.302672923 0.091571927 0.167288333
