8 0.252681762 0.471250683 0.101643324 0.178576738
8 0.638343751 0.641850710 0.117353283 0.189992636
7 0.433026552 0.437256247 0.034022968 0.045393255
7 0.397773445 0.762118042 0.035899479 0.045972664
3 0.623713553 0.218286812 0.143434003 0.419810623
12 0.537765622 0.796993077 0.037181575 0.102167234
3 0.670927107 0.331149995 0.313749105 0.108245105
0 0.403204679 0.189079165 0.036254723 0.057213731
12 0.717755198 0.520982623 0.049737852 0.102336779
4 0.488760948 0.539208353 0.111546122 0.148211792
0 0.332996875 0.661057651 0.051690560 0.066521063
4 0.269820303 0.245959029 0.126223728 0.110258922
