11 0.713677108 0.357895136 0.089586258 0.117983446
8 0.684223950 0.569580555 0.090699710 0.174277097
9 0.843838513 0.176276386 0.120823942 0.151098177
6 0.317559898 0.126276389 0.062052589 0.216390938
7 0.388263017 0.210371524 0.035000443 0.046356507
10 0.561932266 0.233121529 0.044555228 0.066377133
2 0.414143741 0.636634052 0.223416761 0.652534008
1 0.246821359 0.414652765 0.076428056 0.497205198
4 0.570177078 0.658579171 0.110142589 0.155268297
5 0.491873950 0.397841662 0.112694420 0.210284710
0 0.469169259 0.129770145 0.044242937 0.065005258
12 0.481631786 0.538707614 0.075213671 0.065531358
3 0.685609400 0.168797910 0.283654213 0.288162649
