8 0.467480212 0.397131950 0.117572784 0.193155259
8 0.250046343 0.748465300 0.129641280 0.188219443
7 0.787520826 0.440745831 0.034157198 0.045543008
7 0.310519785 0.485611796 0.034999233 0.046092562
12 0.568765640 0.448917359 0.058560330 0.102095447
0 0.597807288 0.587883353 0.036530852 0.057628736
3 0.709864557 0.233417362 0.310500979 0.265826404
3 0.383232296 0.247849301 0.269144565 0.348539084
4 0.208564579 0.596054852 0.127042785 0.060348351
12 0.709776044 0.751243055 0.040228128 0.102057032
0 0.442099482 0.740694463 0.052537877 0.071309142
4 0.545593739 0.913124979 0.131367326 0.106240064
