3 0.856312513 0.420638889 0.111456715 0.413252205
2 0.535729170 0.483472228 0.481935173 0.299904197
1 0.619369805 0.141386107 0.363538265 0.254345834
5 0.339642704 0.504742384 0.097587742 0.211155757
4 0.552625000 0.701909721 0.072442330 0.168523476
6 0.334275007 0.763013899 0.073895551 0.216523588
8 0.585671902 0.897472203 0.105701208 0.179490626
12 0.600520849 0.334111810 0.031730134 0.098135285
12 0.606932282 0.229124993 0.066752352 0.093065113
0 0.631140649 0.277761102 0.045210678 0.053664312
0 0.651145816 0.303422928 0.051954072 0.065011263
9 0.447852075 0.163721532 0.114062548 0.157317340
9 0.635843754 0.680744469 0.110937439 0.159910470
11 0.711281240 0.358011812 0.087474026 0.118004851
10 0.633098960 0.360027075 0.047065336 0.060934067
10 0.572322905 0.338134736 0.043229222 0.064482689
11 0.380188555 0.606963873 0.084895849 0.116424292
7 0.324144274 0.664405584 0.030403137 0.043750074
