8 0.306038529 0.284904152 0.131052658 0.121769272
8 0.689906240 0.491289586 0.109877110 0.181720421
7 0.397547930 0.620177805 0.034463245 0.045303132
3 0.631276071 0.090711802 0.312319040 0.111276709
7 0.480058342 0.230447218 0.034418423 0.045891218
12 0.473623425 0.363389581 0.075374365 0.059565410
3 0.875812471 0.513538897 0.058185101 0.409894288
12 0.703645825 0.286936820 0.074700154 0.060547009
4 0.685687482 0.769416690 0.074608527 0.169403136
4 0.511522889 0.834375024 0.084189177 0.168587416
0 0.564374983 0.523504853 0.040739376 0.061239667
0 0.288657814 0.523030579 0.045079511 0.063450761
