7 0.358717173 0.481249988 0.035208344 0.044782639
7 0.872244775 0.430624992 0.036145765 0.048790641
2 0.449398965 0.324375004 0.495482475 0.278553784
1 0.404308856 0.273124993 0.137949154 0.504541636
2 0.709921896 0.353125006 0.471974134 0.368370563
1 0.703906238 0.600624979 0.137795761 0.502085447
3 0.780062497 0.179374993 0.265204668 0.339412779
3 0.446392715 0.766875029 0.128632903 0.422888875
8 0.794088542 0.583124995 0.143687800 0.178951368
8 0.388276577 0.638125002 0.077632189 0.164784223
6 0.566635430 0.826874971 0.162951589 0.153622523
5 0.575651050 0.766875029 0.154241800 0.077437721
5 0.541583359 0.570625007 0.152350500 0.078575507
4 0.465430737 0.738125026 0.075567998 0.170918569
4 0.570640624 0.495624989 0.128439233 0.100861497
6 0.715932310 0.304374993 0.156681538 0.178253025
