9 0.571479142 0.730520844 0.111520924 0.159186363
8 0.731640637 0.798833311 0.076717854 0.161276281
11 0.363870323 0.417150706 0.091758035 0.114980377
5 0.304888010 0.586234033 0.059995830 0.205148384
7 0.411697924 0.757319450 0.034063894 0.045857534
6 0.716098964 0.441028476 0.055640060 0.211602986
10 0.369159907 0.562255561 0.045757651 0.059529833
12 0.491203636 0.356127769 0.076122962 0.063914567
4 0.498359889 0.500077069 0.115013756 0.145567238
3 0.230913028 0.689131916 0.263910264 0.328277320
1 0.375250518 0.251875013 0.322560549 0.365788788
2 0.716932297 0.239374995 0.456275254 0.413186342
0 0.559307277 0.269345134 0.035125613 0.054154132
