9 0.508743763 0.558870137 0.117863335 0.157849684
9 0.301891655 0.292057633 0.124440074 0.149810493
11 0.598958313 0.372622907 0.090252243 0.110020824
6 0.134892181 0.157803476 0.167936131 0.108764179
11 0.276371360 0.733548582 0.088078022 0.124567136
1 0.658494771 0.822090268 0.371641129 0.136798918
6 0.482646346 0.731194437 0.166373298 0.169086874
5 0.746630192 0.612400711 0.161924645 0.133956909
10 0.706468761 0.490490973 0.044171494 0.057707999
2 0.280713022 0.899229169 0.498050004 0.233825952
2 0.520617187 0.150300696 0.501047194 0.123192839
1 0.165265098 0.521845818 0.083265223 0.494476438
5 0.343333334 0.469997913 0.112521134 0.211733922
10 0.484564573 0.227128476 0.045706391 0.058203682
