8 0.842755198 0.554539561 0.133050680 0.184707269
8 0.441785932 0.275822222 0.083384551 0.166782439
7 0.297155738 0.747951388 0.035206437 0.045246337
7 0.596401036 0.554122210 0.034226615 0.044897452
12 0.421859890 0.867305577 0.029706040 0.096655369
3 0.252427071 0.515403450 0.161395654 0.410654396
4 0.543619812 0.753090262 0.054597061 0.167456090
4 0.407112509 0.590456963 0.041007441 0.164635390
12 0.652864575 0.796576381 0.038427789 0.099916354
3 0.704588532 0.265803486 0.237116098 0.378663659
0 0.733302057 0.846652806 0.047239382 0.067047171
0 0.685796857 0.634686828 0.050744534 0.070207119
