9 0.919661462 0.625460446 0.122653723 0.154464036
9 0.843864560 0.802513897 0.113648020 0.160687551
11 0.503148437 0.661324322 0.087096058 0.116814718
11 0.714812517 0.424096525 0.091028214 0.117356300
8 0.431324482 0.609127104 0.114088215 0.181185931
7 0.848114610 0.585287511 0.033930540 0.043855138
10 0.751937509 0.679448605 0.046814680 0.061441526
3 0.351446360 0.622968078 0.106050991 0.415698647
0 0.406905740 0.477704167 0.035173852 0.043709595
6 0.674624979 0.826520860 0.144891545 0.206302330
10 0.428530723 0.778590262 0.046548963 0.061414137
5 0.618020833 0.422766656 0.069291435 0.199478149
12 0.487227082 0.535991669 0.074213423 0.051034078
1 0.525041640 0.334377080 0.372421175 0.128942311
4 0.590182304 0.881145835 0.119956888 0.123946033
12 0.578604162 0.611502111 0.069408812 0.087878436
2 0.730656266 0.585937500 0.408224672 0.506547928
0 0.581203103 0.683498621 0.046522021 0.064000234
