9 0.494990110 0.153125003 0.122395836 0.165181249
9 0.730458319 0.218125001 0.115918316 0.160186112
11 0.594187498 0.506250024 0.089062452 0.119385399
11 0.390791655 0.784326375 0.088020802 0.112365246
10 0.829661429 0.591250002 0.050208330 0.066158667
10 0.592265606 0.093237497 0.045141537 0.065292351
12 0.578437507 0.653406262 0.055827897 0.098546080
12 0.254282296 0.455944449 0.048372764 0.097910009
0 0.341657817 0.534209728 0.033900995 0.057325311
0 0.319083333 0.185389578 0.050323427 0.065416083
