9 0.587677062 0.324375004 0.113020778 0.158343077
9 0.699901044 0.465000004 0.115833282 0.150327042
11 0.473947912 0.250000000 0.091145836 0.120555557
11 0.516532838 0.581875026 0.088645816 0.120934755
10 0.842833340 0.879868031 0.046951931 0.063194379
10 0.429358840 0.816250026 0.046458323 0.064822674
0 0.352271885 0.570670843 0.051140726 0.068232536
0 0.722947896 0.798125029 0.052059490 0.070787482
12 0.553609371 0.809374988 0.026621064 0.096616745
12 0.860218763 0.705624998 0.072558083 0.039120570
