8 0.286328644 0.358997226 0.112426996 0.186218873
9 0.556255221 0.753861129 0.120009579 0.153610602
11 0.443255216 0.375838876 0.087964259 0.124495775
7 0.268622905 0.217352778 0.033970892 0.047489710
3 0.556348979 0.232390970 0.309054226 0.211446390
12 0.228123963 0.738944471 0.027533809 0.098172083
2 0.114957809 0.562885404 0.094749331 0.665923655
5 0.462086469 0.618759036 0.125263810 0.205940455
10 0.207023442 0.436978459 0.047926825 0.063443899
6 0.327839077 0.812131941 0.097801648 0.225938797
1 0.735682309 0.725854158 0.256943554 0.456815124
4 0.659562528 0.578218043 0.077690326 0.174803048
0 0.281227082 0.578002095 0.053298395 0.064904533
