9 0.150292709 0.690198600 0.123798549 0.149849728
9 0.630114555 0.793291688 0.119434156 0.152311116
8 0.160675004 0.470617354 0.134668693 0.131849185
11 0.693817735 0.529538870 0.088861071 0.119946375
11 0.348024487 0.897965252 0.090177298 0.118865117
10 0.288642198 0.450968742 0.050773740 0.063065737
12 0.833885431 0.423333347 0.042168934 0.099241227
10 0.486915618 0.550034702 0.043919325 0.065158471
1 0.713447928 0.609418750 0.373165846 0.085577860
6 0.504295290 0.388711810 0.153458282 0.193054780
7 0.601046860 0.203066662 0.035149176 0.045819826
3 0.633802056 0.339708328 0.302640676 0.260077566
4 0.349124998 0.718618035 0.120702505 0.055948786
5 0.448065639 0.232559726 0.115737237 0.210721374
12 0.621723950 0.418553472 0.075411163 0.073485054
0 0.550135434 0.525490999 0.052781779 0.066644877
2 0.423341662 0.503506243 0.321316212 0.599422574
0 0.392010421 0.199175701 0.055434864 0.062193170
