9 0.704088569 0.615402102 0.119045652 0.154590666
9 0.515062511 0.203102782 0.121675730 0.152663499
11 0.645494819 0.181832641 0.088917933 0.121587887
11 0.436637491 0.753194451 0.084933519 0.120328695
10 0.337412506 0.543233335 0.048190374 0.063394867
12 0.870890617 0.550790966 0.073557377 0.044649497
10 0.439785421 0.412050009 0.044352651 0.056364536
0 0.739682317 0.411420137 0.035349052 0.054335542
12 0.314048946 0.389102072 0.057099760 0.100631714
0 0.549161434 0.584647238 0.049208004 0.068809189
