8 0.555390596 0.293012500 0.109380841 0.182218060
8 0.400701553 0.134220138 0.135327578 0.173530608
7 0.666109383 0.432559729 0.033420961 0.044933982
12 0.741057277 0.573459744 0.068467773 0.086910404
3 0.227676556 0.344392359 0.096117415 0.418493629
7 0.591739595 0.607313871 0.035420496 0.045545526
12 0.372005731 0.576803446 0.056235868 0.097538047
3 0.735973954 0.215625003 0.288817495 0.295406818
0 0.520797908 0.470036805 0.048996966 0.069793068
0 0.297094285 0.713124990 0.046166699 0.065578140
4 0.304108322 0.824374974 0.125714064 0.119018555
4 0.595072925 0.862319469 0.039005518 0.166009009
