9 0.544250011 0.161855549 0.120483436 0.153077871
8 0.596140623 0.689730585 0.133850768 0.133241594
11 0.449000508 0.192193061 0.089546122 0.119809255
8 0.168446347 0.509776413 0.121062584 0.105862886
7 0.727432311 0.457881957 0.034938652 0.046129387
7 0.493001044 0.607727110 0.033290107 0.047104463
10 0.486498952 0.513338864 0.047519404 0.065085515
6 0.318429172 0.578945816 0.131125048 0.209990874
1 0.316547394 0.367724299 0.376704365 0.204844072
3 0.519865632 0.810854137 0.322148234 0.208309919
6 0.376276553 0.664122939 0.164041162 0.153085649
0 0.219305724 0.323395133 0.053800881 0.074123964
5 0.140503123 0.305272907 0.167698383 0.115752220
12 0.527854145 0.552749276 0.049771387 0.100613169
5 0.731098950 0.723513901 0.145469382 0.187087268
4 0.454137504 0.602895141 0.113011278 0.150476664
2 0.590291679 0.357358336 0.443940639 0.419645876
