7 0.726453125 0.119999997 0.040561359 0.045555551
7 0.504508853 0.480625004 0.034270842 0.040774610
1 0.149799481 0.526875019 0.319746137 0.402862966
1 0.403306782 0.128124997 0.369117647 0.218321979
2 0.779057264 0.548125029 0.344704062 0.576179922
2 0.232966140 0.453125000 0.248849630 0.640853584
3 0.403306782 0.709375024 0.168739855 0.400998861
3 0.519539058 0.268124998 0.314955741 0.120712548
4 0.591682315 0.501874983 0.105443873 0.155331612
4 0.590682268 0.160624996 0.049132984 0.170306131
5 0.526552081 0.791875005 0.074364066 0.209195077
5 0.239980206 0.330624998 0.093353949 0.216422141
6 0.718937516 0.324375004 0.161591724 0.119264230
6 0.476453125 0.596875012 0.107094802 0.223121852
8 0.324148446 0.350625008 0.139833853 0.176431552
8 0.287073970 0.229375005 0.108817615 0.181654587
