9 0.434953123 0.342938185 0.122394405 0.150713652
8 0.595729172 0.272813886 0.121819220 0.190651953
11 0.659593761 0.601232648 0.091337085 0.117282659
5 0.636250019 0.807548583 0.104084052 0.212635785
7 0.370812505 0.653815269 0.032991450 0.045370102
6 0.291971356 0.480423599 0.098700762 0.228957757
12 0.511065602 0.758222222 0.046630781 0.098408118
3 0.361890614 0.769916654 0.311952323 0.205735952
4 0.513209403 0.572143078 0.131050110 0.078336187
2 0.765380204 0.372486115 0.245115921 0.639036477
10 0.161363021 0.516595125 0.045557242 0.059713364
1 0.326165110 0.226211116 0.348211676 0.324233055
0 0.650552094 0.439009726 0.037150025 0.056310944
