9 0.464114070 0.484395146 0.118586220 0.160728320
8 0.400565624 0.773430526 0.102576174 0.179846019
11 0.362888545 0.272971541 0.090151452 0.119035378
6 0.588000000 0.159474999 0.166637614 0.114300199
7 0.747718751 0.606405556 0.036843617 0.042886045
1 0.255162507 0.410524994 0.161958888 0.502119780
12 0.748067737 0.298387498 0.055647690 0.102056399
5 0.640182316 0.282199293 0.115072928 0.213785440
2 0.857744813 0.510947227 0.105969585 0.664061964
0 0.375314057 0.106056944 0.040846508 0.063420601
10 0.338656783 0.519106269 0.047100682 0.061934844
3 0.643567681 0.576108336 0.248381063 0.353463709
4 0.486738533 0.199552089 0.046786148 0.169914410
