8 0.183695316 0.367514580 0.134810522 0.135754853
8 0.499133855 0.838750005 0.127229407 0.182251185
6 0.398905724 0.572357655 0.105568409 0.212382212
6 0.227067187 0.779388905 0.067679800 0.214485809
7 0.487032801 0.618516684 0.031250875 0.040941291
2 0.307754159 0.576443076 0.114542626 0.665120065
7 0.640557289 0.210006937 0.034146786 0.043260761
5 0.441128135 0.214118749 0.154562160 0.180795252
4 0.728916645 0.522050023 0.123855911 0.065624133
4 0.605151057 0.244269446 0.113234520 0.148830637
1 0.466706783 0.325055569 0.355945677 0.293288499
2 0.572645843 0.561874986 0.390240073 0.524802685
1 0.537572920 0.214375004 0.333953857 0.352409154
5 0.412324488 0.231875002 0.134787634 0.192621335
3 0.553609371 0.713124990 0.284016997 0.298106551
3 0.138777599 0.585624993 0.200819328 0.390167356
