8 0.753484368 0.435106248 0.113167286 0.182931736
8 0.344800532 0.727909744 0.112409629 0.183328047
7 0.475031763 0.347709030 0.034730077 0.045398157
7 0.582453132 0.623439610 0.035764772 0.045782037
12 0.697312474 0.213364586 0.077016391 0.054700535
3 0.508167684 0.166468754 0.310792118 0.220211089
3 0.233106256 0.490572214 0.147840276 0.414834112
12 0.358913034 0.535175025 0.036767203 0.099564552
4 0.604223967 0.386122227 0.060661554 0.167193443
4 0.527265608 0.800812483 0.065632664 0.172569066
0 0.455914587 0.535358310 0.051342566 0.072445340
0 0.370257288 0.357456952 0.053984921 0.071749344
