9 0.607593775 0.403711796 0.122269906 0.149489984
9 0.305456251 0.503286123 0.121281266 0.152839735
11 0.561411440 0.705256939 0.088318743 0.121911369
11 0.430588543 0.140107632 0.088989176 0.120658740
10 0.663338542 0.622322917 0.048744719 0.057496123
10 0.296489596 0.223745838 0.047500808 0.060923431
12 0.150670320 0.316525012 0.077258907 0.065652400
12 0.804927111 0.480440289 0.075621925 0.064149432
0 0.458894789 0.617860436 0.050852817 0.069370955
0 0.641906261 0.171172217 0.051114917 0.068515182
