8 0.616286457 0.189029172 0.115417480 0.184424639
8 0.377054155 0.885472238 0.137412354 0.148644611
3 0.239508852 0.485853463 0.090270363 0.414438605
7 0.387027591 0.713194430 0.035896897 0.046685006
7 0.554677069 0.346597910 0.034797948 0.045029957
3 0.577583313 0.807680547 0.309828609 0.195810109
12 0.403592199 0.195056245 0.057057541 0.099578619
12 0.355843216 0.586061835 0.074319638 0.073111802
4 0.420921862 0.400472909 0.066066146 0.165465862
4 0.498501569 0.290816665 0.049584866 0.168912247
0 0.511137486 0.568866670 0.039322495 0.059166908
0 0.618895829 0.621656239 0.039229672 0.047308870
