9 0.791447937 0.711340249 0.114641905 0.159344882
8 0.495253116 0.857770860 0.087307252 0.169506863
11 0.276907295 0.209406257 0.090761028 0.121078148
7 0.459671885 0.699034750 0.033872049 0.043774605
1 0.249644265 0.544834733 0.140547350 0.498126149
10 0.394730717 0.375865966 0.047087509 0.060735121
5 0.469259888 0.533003449 0.158026531 0.156375244
6 0.632395804 0.753784716 0.109583654 0.220299035
2 0.716932297 0.378125012 0.478524089 0.339589000
3 0.785067737 0.493124992 0.286238045 0.293802947
4 0.538578153 0.209374994 0.085228838 0.168269768
12 0.359480202 0.651054859 0.073502980 0.078056067
0 0.850010395 0.626813173 0.046865065 0.067938909
