8 0.541703105 0.765472233 0.093863130 0.174148872
8 0.666145861 0.653551400 0.076600671 0.162356317
7 0.610489607 0.287991673 0.034982603 0.045264695
3 0.212992191 0.499130547 0.087159894 0.416040361
7 0.452010930 0.644252062 0.034866095 0.045668125
3 0.516797900 0.104664586 0.310864687 0.145921871
12 0.456194788 0.472517371 0.071978450 0.089967676
12 0.305952072 0.435240269 0.076674141 0.061109755
0 0.476282299 0.304813892 0.054153960 0.071471080
4 0.602265596 0.443873614 0.117490448 0.142892495
4 0.323070824 0.268634021 0.087521054 0.173408121
0 0.363251567 0.668746531 0.051959593 0.070606232
