9 0.389278650 0.358125001 0.119719826 0.150694430
9 0.542083323 0.335624993 0.118645824 0.159679174
11 0.274047911 0.428750008 0.087708332 0.123606950
11 0.491983861 0.598124981 0.085090600 0.115972310
10 0.571807265 0.835006952 0.052604198 0.066186532
10 0.876250029 0.457500011 0.048333328 0.064822756
0 0.752005219 0.526875019 0.041793030 0.048372164
0 0.382264584 0.756874979 0.035448473 0.064419903
12 0.647796869 0.705624998 0.074538551 0.091717295
12 0.788078129 0.329374999 0.066074051 0.098742247
