9 0.265531242 0.356875002 0.111145832 0.159679174
11 0.288076043 0.909375012 0.092665590 0.115972199
10 0.761520863 0.211875007 0.045520782 0.063486658
7 0.682864606 0.266874999 0.034270883 0.048790615
7 0.473446876 0.615625024 0.032395840 0.043446541
0 0.362703651 0.634493053 0.051189423 0.062908858
12 0.393695325 0.170598611 0.058382154 0.098922759
2 0.601703107 0.598124981 0.462383956 0.379640520
1 0.520541131 0.321875006 0.290485114 0.413508207
3 0.518536985 0.711875021 0.304102808 0.233568504
8 0.446781784 0.819659710 0.135761812 0.177116603
6 0.169839576 0.686874986 0.061596781 0.212618083
5 0.235227600 0.483593047 0.157977685 0.159888804
4 0.583281279 0.507806957 0.122572064 0.126794264
6 0.712927103 0.326875001 0.160400867 0.098520912
5 0.337054163 0.262023598 0.129607603 0.195637360
8 0.483190626 0.143820837 0.077880703 0.161477298
