9 0.733302057 0.712923586 0.119816147 0.154560626
11 0.755317688 0.341051400 0.092810951 0.106403485
11 0.481810421 0.092237502 0.081270300 0.122061118
9 0.111011982 0.291348606 0.124297924 0.149756253
3 0.611098945 0.213569447 0.141082406 0.409730107
10 0.245820314 0.436641663 0.046242177 0.060539220
10 0.215013549 0.260514587 0.047339857 0.061805539
7 0.021494947 0.842395842 0.032834724 0.045902040
2 0.506994247 0.609684706 0.493068218 0.231897563
8 0.502294779 0.767673612 0.099634372 0.177697450
6 0.219514579 0.755326390 0.086151920 0.215840235
5 0.089588545 0.774868071 0.081343055 0.208640307
12 0.417334884 0.486874998 0.063355289 0.096122742
4 0.365821868 0.288055569 0.055623610 0.164917156
0 0.455325514 0.410834014 0.042349298 0.063338280
12 0.199851036 0.360007644 0.033119816 0.100315519
0 0.287530214 0.158340976 0.045747835 0.052131228
1 0.171045840 0.547438860 0.372170717 0.206724435
