9 0.707536459 0.545606971 0.118903160 0.147101402
9 0.419839591 0.780624986 0.117545843 0.156250000
11 0.648296893 0.836250007 0.089583278 0.122270793
11 0.338176548 0.375000000 0.081868768 0.116849318
10 0.436873972 0.574374974 0.049270827 0.063486680
10 0.640281260 0.188124999 0.047395825 0.059519861
12 0.422263533 0.269452780 0.063080668 0.092250980
12 0.534666657 0.440041661 0.043993235 0.100883514
0 0.863322914 0.649549305 0.046397049 0.051788278
0 0.843656242 0.274329871 0.032311916 0.050694466
