9 0.705859363 0.801597238 0.121845163 0.155061185
8 0.091651045 0.802590251 0.129379511 0.191362381
11 0.427224994 0.266147912 0.089275837 0.121052876
7 0.491195321 0.734826386 0.034780819 0.045210943
6 0.522265613 0.522726417 0.166463852 0.142831162
5 0.370166153 0.878972232 0.163179755 0.126790464
2 0.605927110 0.159178466 0.497647077 0.165434748
10 0.397715092 0.719236135 0.049494822 0.058198825
1 0.683593750 0.428940982 0.375494450 0.154605225
12 0.500334918 0.828263879 0.077323914 0.071847387
3 0.169248432 0.348826379 0.269888371 0.333189607
4 0.313812494 0.475436121 0.106660403 0.155482590
0 0.229966670 0.669488192 0.052391171 0.071191102
