9 0.468538016 0.270327777 0.107536949 0.157963470
11 0.856286466 0.452781945 0.087288938 0.120792121
9 0.687119782 0.287104160 0.122461319 0.148012906
11 0.300651550 0.469977766 0.090881608 0.109562345
10 0.487805724 0.634784043 0.046960592 0.057883739
12 0.681276023 0.715972245 0.072370730 0.042849116
10 0.236912504 0.260688901 0.044443209 0.062625647
12 0.410176039 0.597544432 0.039780814 0.100769520
0 0.480716676 0.501305580 0.051527936 0.069589615
0 0.211740628 0.640049279 0.043135863 0.046013620
