10 0.230961978 0.210624993 0.049575925 0.065177113
10 0.489727080 0.403037488 0.044381935 0.059978671
9 0.319368750 0.101638891 0.122051679 0.152184218
11 0.712484360 0.221041664 0.090250336 0.115278825
9 0.777000010 0.633678496 0.114388466 0.156554863
11 0.175186455 0.596174300 0.090327740 0.118183136
5 0.531562507 0.631874979 0.060457230 0.209043086
6 0.860895813 0.418634027 0.138855144 0.207256496
6 0.694479167 0.833361089 0.146915838 0.204637632
1 0.644791663 0.263125002 0.201840639 0.496214539
1 0.339178115 0.608124971 0.293600827 0.413285106
2 0.551604152 0.319375008 0.252150804 0.640560448
2 0.352204174 0.845624983 0.488843530 0.298065722
5 0.408842713 0.403984040 0.140766189 0.210146636
