8 0.543916643 0.206151396 0.088913679 0.173855484
8 0.440153122 0.777694464 0.075184941 0.159949198
7 0.733588517 0.809090257 0.034943819 0.044845846
7 0.446414053 0.585854888 0.034555275 0.045687992
12 0.599473953 0.658518076 0.054629207 0.099001251
12 0.434863031 0.401672214 0.076583304 0.068696313
3 0.159441665 0.636950672 0.148112804 0.414153099
3 0.829093754 0.194659725 0.268192619 0.341532171
4 0.290263534 0.294547230 0.106195949 0.160197333
4 0.929088533 0.525269449 0.039432526 0.160403043
0 0.277651042 0.544972897 0.051782768 0.069954768
0 0.720958352 0.516691685 0.052383661 0.071581312
