9 0.267279178 0.183674306 0.117382526 0.153736964
8 0.208417714 0.416103482 0.121904999 0.192793369
11 0.738989592 0.258868068 0.091198921 0.117576785
7 0.488768220 0.515567362 0.034997065 0.045423348
6 0.402329683 0.450244457 0.079921804 0.223550320
12 0.664213538 0.483096540 0.026261410 0.098255366
5 0.621848941 0.113852777 0.152038217 0.182556659
1 0.304651558 0.803409696 0.378918618 0.197855636
2 0.478009909 0.689779878 0.495074987 0.103518330
4 0.463564575 0.265796542 0.047404010 0.169149131
10 0.124709375 0.561629832 0.047280610 0.063565575
3 0.807380199 0.536969423 0.200872660 0.398155421
0 0.478143215 0.164136112 0.054317314 0.070434809
