9 0.572479188 0.189206243 0.122010469 0.147489458
8 0.301587492 0.401506245 0.085310139 0.170929015
11 0.353294790 0.107458331 0.091752470 0.118771605
10 0.448539585 0.390743762 0.045482796 0.060158331
3 0.191517189 0.601545155 0.082759857 0.413924843
6 0.364792705 0.688020110 0.086786233 0.219104767
7 0.230989069 0.296946526 0.033911247 0.045215026
1 0.683276057 0.601754189 0.144097760 0.494838297
5 0.228823960 0.160620838 0.162039086 0.096007280
12 0.075311981 0.385768741 0.077017792 0.068307005
2 0.638760388 0.403532624 0.274994522 0.631701946
4 0.519763529 0.326822907 0.108637489 0.163714349
0 0.454105735 0.104880556 0.053114414 0.070806950
