8 0.890171885 0.257156253 0.122632824 0.107997999
9 0.783973932 0.611159027 0.121769749 0.149906099
11 0.387282819 0.330411792 0.091240287 0.118864670
8 0.608546853 0.786361098 0.133878231 0.182905093
6 0.454297930 0.101805553 0.162277415 0.105727009
7 0.474038541 0.516534746 0.033953469 0.045271184
5 0.677656233 0.821868062 0.056822896 0.199553490
10 0.854010403 0.473792374 0.050853968 0.065825462
7 0.453622401 0.865604162 0.036102016 0.045371745
6 0.415920824 0.645437479 0.152050808 0.197825328
12 0.794677079 0.157736108 0.048911255 0.102168769
2 0.475253135 0.393613189 0.487168998 0.268563747
3 0.618802071 0.263532639 0.313101441 0.152076647
4 0.553958356 0.569877803 0.117469154 0.096064940
0 0.550265610 0.408613890 0.053151648 0.066160202
5 0.860031247 0.400849998 0.136085823 0.192423046
1 0.574380219 0.614437521 0.270216942 0.437686503
