9 0.607776046 0.737979174 0.120217323 0.153246030
9 0.866187513 0.780333340 0.121815681 0.152803898
11 0.292135417 0.500300705 0.089722514 0.122055344
6 0.427354693 0.373124987 0.169538811 0.145257100
11 0.819187522 0.470845133 0.089938484 0.114882261
10 0.430767179 0.559522212 0.050951004 0.066838637
5 0.497494787 0.874374986 0.087197460 0.222645760
6 0.711921871 0.583124995 0.172180176 0.126711741
10 0.581161439 0.887159705 0.047397017 0.062932067
5 0.749593735 0.196186811 0.163375542 0.149518862
2 0.489479154 0.243125007 0.478788584 0.357325077
2 0.235971868 0.788124979 0.473649591 0.375306338
1 0.502505183 0.604375005 0.298931092 0.428353310
1 0.221943751 0.338124990 0.338155121 0.378016621
