9 0.305611461 0.657500029 0.125208333 0.151663199
9 0.675348938 0.863749981 0.113364138 0.161301404
11 0.484969795 0.655624986 0.090520859 0.116927043
11 0.475952089 0.250000000 0.089583315 0.122270808
10 0.617234349 0.334374994 0.049270868 0.063486658
10 0.646291673 0.455000013 0.048333287 0.063486658
0 0.264990091 0.444782645 0.048706353 0.061635945
0 0.731635392 0.676543772 0.035718758 0.056427214
12 0.483999997 0.450252086 0.064246021 0.092886448
12 0.713708341 0.285486817 0.071780764 0.081832357
