10 0.774619818 0.587225020 0.047581833 0.062904626
0 0.675244808 0.522345841 0.043872517 0.074300021
9 0.422310412 0.775756955 0.116323911 0.160011023
5 0.487803638 0.467407644 0.076012611 0.210540459
11 0.642291665 0.397036791 0.090263128 0.116330653
4 0.241958857 0.553811133 0.107286371 0.156711787
7 0.624276042 0.832729161 0.034335691 0.045605712
12 0.662828147 0.710624993 0.066646934 0.109018594
1 0.768036485 0.156874999 0.357987642 0.332447946
3 0.357214570 0.476875007 0.122431658 0.425388515
6 0.556031227 0.196818754 0.064275742 0.212879121
2 0.282064050 0.275624990 0.386293739 0.537514389
8 0.576651037 0.733124971 0.108061671 0.190610409
