9 0.370736450 0.687552750 0.122107364 0.151107311
8 0.621505201 0.594779193 0.105995655 0.181062490
11 0.777619779 0.427667350 0.087444462 0.123371333
6 0.164665624 0.574905574 0.167366192 0.155394137
7 0.383281767 0.417627096 0.033701897 0.045499749
12 0.445380211 0.513152778 0.075215898 0.076216429
5 0.174126044 0.456758320 0.161299765 0.089413032
10 0.612463534 0.335138887 0.048863094 0.057800453
2 0.571031272 0.802097201 0.496156365 0.239501372
12 0.217861459 0.752138913 0.045928378 0.061161414
3 0.525145829 0.242269441 0.294485062 0.261595666
4 0.481935948 0.148518756 0.129682541 0.085462168
1 0.198608339 0.293443054 0.371901035 0.196817473
