8 0.542593777 0.670020163 0.104810037 0.182340205
8 0.346009374 0.769347250 0.100856818 0.179110840
7 0.337040097 0.161156937 0.035018761 0.045192599
7 0.320832282 0.443154871 0.035161693 0.046003025
3 0.054826561 0.475311816 0.092409492 0.415964305
0 0.192508861 0.636713207 0.038594246 0.056906912
12 0.701984346 0.476461798 0.028674999 0.093946323
3 0.801223934 0.458661795 0.090442657 0.411801428
12 0.447521865 0.330313891 0.071361028 0.093264371
4 0.509965599 0.070965976 0.130469918 0.098821923
4 0.272803634 0.329784036 0.126505867 0.107166000
0 0.642151058 0.165257633 0.051014900 0.074298590
