9 0.332805216 0.139585420 0.108881973 0.165436536
9 0.276092201 0.430776387 0.122542895 0.148917198
11 0.614218771 0.612297893 0.091275178 0.117108554
11 0.525239587 0.094265275 0.091429830 0.115183674
12 0.698453128 0.222527087 0.074420534 0.059434719
10 0.710932314 0.384192348 0.045574825 0.061602727
10 0.472973436 0.373892367 0.045497615 0.057897646
0 0.463236451 0.493268043 0.037666839 0.058622997
12 0.477246881 0.709465265 0.041937631 0.101169057
0 0.628151059 0.453311801 0.047719318 0.067612834
