9 0.537364602 0.668841660 0.120028973 0.164008826
8 0.411370844 0.628058314 0.078855194 0.163519114
11 0.217907816 0.413548619 0.093814790 0.118185520
7 0.324203134 0.302530557 0.034508467 0.045280721
3 0.272553116 0.164745137 0.312332869 0.089603424
10 0.469210923 0.415310413 0.045270801 0.063883148
6 0.676619768 0.767062485 0.160319328 0.185713500
12 0.294516653 0.591939569 0.071627058 0.087068349
2 0.338693738 0.750437498 0.479595810 0.354383737
5 0.597552061 0.110013887 0.152497247 0.073390633
1 0.710984349 0.554030538 0.351806313 0.309315145
4 0.835776031 0.449436098 0.104510866 0.160375252
0 0.687328100 0.310969442 0.045398872 0.054489985
