11 0.379258335 0.720000029 0.091458321 0.112918697
9 0.271042198 0.420625001 0.118485928 0.150204211
9 0.865729153 0.351875007 0.122395836 0.154334724
11 0.484969795 0.653124988 0.082394838 0.121191025
10 0.692385435 0.500625014 0.045520782 0.060814697
10 0.714916646 0.594037473 0.047395866 0.060416698
0 0.844723940 0.678548634 0.040510576 0.062899694
0 0.443386972 0.291875005 0.037515640 0.056592837
12 0.436372906 0.443125010 0.073938765 0.037726350
12 0.848119795 0.547865272 0.051960867 0.099510565
