2 0.266032279 0.318125010 0.384064585 0.545729101
2 0.259018242 0.528124988 0.222543165 0.648003161
1 0.559619784 0.775624990 0.376336962 0.217089757
1 0.548598945 0.658124983 0.144260883 0.501775622
3 0.425350517 0.313125014 0.307218283 0.206753954
3 0.406312495 0.208124995 0.311918676 0.096324973
4 0.387274474 0.751874983 0.057267148 0.173705369
4 0.501702607 0.703479171 0.073397674 0.168801844
5 0.348101050 0.519700706 0.147902131 0.172651932
5 0.402304679 0.259375006 0.159758225 0.117589951
6 0.631765604 0.554374993 0.091834150 0.217646495
6 0.467434883 0.553125024 0.127023265 0.211986855
8 0.503506780 0.451875001 0.135607794 0.183779448
8 0.459418744 0.149375007 0.118757330 0.093194455
7 0.368236452 0.092500001 0.029583335 0.043446593
7 0.457915634 0.749374986 0.031770825 0.041805532
