8 0.394429177 0.694708347 0.076519728 0.161431789
8 0.634625018 0.776923597 0.088087283 0.172799528
7 0.508347392 0.307725012 0.034746606 0.045100346
7 0.528380215 0.598363221 0.035451371 0.046049278
3 0.758197904 0.246549994 0.316870123 0.187664717
3 0.250715613 0.625350714 0.145872876 0.409351319
12 0.393891156 0.222974300 0.071616054 0.035571363
4 0.111822918 0.306003481 0.127741992 0.078982301
12 0.733552098 0.506646514 0.046523094 0.099763766
0 0.252144277 0.176168755 0.053572219 0.072604813
0 0.586286485 0.475663900 0.051744740 0.069543205
4 0.487939060 0.109769441 0.128671095 0.103038177
