9 0.423220307 0.223666668 0.130315781 0.159461334
8 0.596838534 0.119605556 0.105930448 0.179448768
11 0.711901069 0.471790284 0.089668594 0.119013943
6 0.639317691 0.799743056 0.162548065 0.109142035
10 0.479888529 0.356351376 0.045467854 0.063251704
7 0.365522921 0.478093743 0.035785556 0.046598062
1 0.547166646 0.675061107 0.366194338 0.081229739
3 0.782114565 0.334528476 0.145369053 0.412486017
2 0.856010437 0.637481272 0.182132721 0.661245167
12 0.356079161 0.395087510 0.072744906 0.085888065
5 0.515852630 0.529794455 0.134315923 0.203043297
4 0.355147928 0.523759007 0.125712231 0.119080439
0 0.384153634 0.856506944 0.041412473 0.064124532
