9 0.726671875 0.367907643 0.119183302 0.152706966
9 0.646791637 0.708750010 0.121458292 0.155670851
11 0.393286467 0.881874979 0.092395864 0.120934695
11 0.337174475 0.428750008 0.089583360 0.118263192
10 0.561119795 0.343124986 0.049270868 0.063486710
10 0.224941149 0.524058342 0.047395825 0.062264230
0 0.420680195 0.688420832 0.050261736 0.067470759
0 0.476763546 0.513931930 0.032403231 0.054465983
12 0.293417722 0.660837471 0.040930469 0.097215600
12 0.435729682 0.279574990 0.074142657 0.067297965
