7 0.586671889 0.439999998 0.035208344 0.043446567
7 0.578656256 0.569999993 0.037083387 0.043446541
2 0.419338554 0.716875017 0.467391878 0.370247304
2 0.351202607 0.318125010 0.429385424 0.464953423
1 0.444388539 0.921875000 0.369551808 0.196388304
1 0.551604152 0.400624990 0.074181676 0.498348027
3 0.702906251 0.635625005 0.297105312 0.260519773
4 0.611723959 0.576874971 0.096409284 0.144780263
4 0.486472905 0.453125000 0.119311653 0.153658360
8 0.327154160 0.519375026 0.141183957 0.168442309
8 0.662828147 0.706875026 0.102848329 0.184688672
6 0.362224489 0.618125021 0.170998767 0.088987142
6 0.630760431 0.413125008 0.117228307 0.220433295
5 0.660822928 0.544375002 0.156272486 0.140019104
5 0.710921884 0.250625014 0.155108497 0.152591988
3 0.285070300 0.809374988 0.315990359 0.186512679
