9 0.341680199 0.185463890 0.115646042 0.160755694
8 0.631182313 0.690321505 0.125538111 0.187637016
11 0.503010929 0.517445147 0.092062630 0.117290176
5 0.720140636 0.490245819 0.069557585 0.210308716
7 0.816015601 0.530391693 0.034355879 0.045353148
2 0.700718760 0.266568065 0.490944862 0.224976808
10 0.424016148 0.366336793 0.045238256 0.064795494
1 0.123678125 0.476896524 0.077600420 0.496610105
6 0.487024993 0.710638881 0.067045294 0.214864627
0 0.398112506 0.754437506 0.034897607 0.053651121
12 0.638015628 0.451325685 0.042376440 0.103775874
3 0.326201051 0.635754168 0.213602915 0.392839164
4 0.265444785 0.377177089 0.129871130 0.115504898
