9 0.327437490 0.261557639 0.106648587 0.158900306
8 0.235685423 0.100822918 0.078692295 0.161833212
11 0.567317724 0.622633338 0.084740005 0.123823799
7 0.540588558 0.322804153 0.033742428 0.044008784
10 0.462967694 0.875951409 0.047289968 0.059648938
12 0.713864565 0.549847245 0.032480240 0.097246274
6 0.533734381 0.181006253 0.162248924 0.147903740
1 0.542385399 0.440940291 0.371623605 0.199001893
3 0.161502078 0.716458321 0.134927258 0.415973246
4 0.555609345 0.899375021 0.053585410 0.172164232
5 0.320140094 0.793124974 0.130037561 0.207922295
2 0.276052088 0.468124986 0.386945337 0.531764627
0 0.421342701 0.216875002 0.048979204 0.069302626
