9 0.767161429 0.170271531 0.119388901 0.155022755
8 0.465111464 0.755562484 0.093917094 0.179181993
11 0.286401033 0.673052788 0.088564932 0.120847493
12 0.223219797 0.841493070 0.045596678 0.100641042
1 0.689255238 0.603228450 0.368901610 0.169930354
2 0.195159376 0.375046521 0.224241212 0.649866104
7 0.472753644 0.297466666 0.033954781 0.045683146
5 0.370197386 0.910770833 0.157801792 0.157780543
3 0.529624999 0.228710413 0.299557000 0.245068073
10 0.731510401 0.408669442 0.045447033 0.063658766
6 0.649239600 0.838500023 0.132279992 0.211059734
4 0.432753116 0.523152769 0.116530418 0.145219058
0 0.625067711 0.426892370 0.046886683 0.054153919
