7 0.454408854 0.128749996 0.033333380 0.043446608
7 0.536572933 0.915624976 0.032395840 0.043446541
8 0.741984367 0.658124983 0.111076035 0.182494372
8 0.454408854 0.726875007 0.140593484 0.158983439
2 0.678859353 0.644375026 0.386897415 0.529450953
2 0.324148446 0.279374987 0.356507510 0.573264658
4 0.427354693 0.208124995 0.067866921 0.156821862
5 0.533567727 0.209374994 0.158399388 0.161452726
3 0.698895812 0.333124995 0.201264337 0.390107155
1 0.523546875 0.369374990 0.367048413 0.103420682
3 0.474448949 0.510625005 0.283474714 0.270359427
1 0.445390612 0.629374981 0.372624546 0.236801252
6 0.678859353 0.805625021 0.119543195 0.205836192
6 0.274047911 0.429374993 0.118929684 0.221581832
5 0.452404678 0.868125021 0.053785801 0.208389223
4 0.424348444 0.815625012 0.046648342 0.141463861
