9 0.673489571 0.231003478 0.120818056 0.149696395
8 0.850010395 0.165495828 0.129728481 0.187134713
8 0.363173962 0.529799998 0.140071675 0.164861679
11 0.273803651 0.686488211 0.087204553 0.125326574
7 0.206518233 0.330309033 0.034071326 0.044048812
5 0.536406279 0.143319443 0.073986806 0.212161228
6 0.448253632 0.736937523 0.151592895 0.184450254
10 0.605848968 0.469933331 0.046506565 0.058761545
12 0.415691674 0.092303470 0.048110325 0.103968345
5 0.661187530 0.604324281 0.085429586 0.209432498
1 0.227804169 0.470272928 0.365599781 0.296062768
0 0.150581777 0.215622917 0.051130414 0.065808669
7 0.465364069 0.475952774 0.043963712 0.055321004
6 0.752749979 0.516997933 0.124376930 0.211626366
3 0.350645840 0.213342354 0.275357097 0.319994777
2 0.728661478 0.356141657 0.501927793 0.079483800
4 0.542192698 0.598128498 0.125503227 0.124250256
