9 0.682630181 0.376404852 0.116420187 0.165307462
11 0.348881245 0.573613167 0.088165365 0.121188268
8 0.754302084 0.551617384 0.131041124 0.184181690
8 0.477035403 0.218419448 0.135160446 0.141918108
7 0.561776042 0.347002774 0.035183668 0.045442104
6 0.755208313 0.476630569 0.159524038 0.133303910
1 0.557510436 0.878069460 0.365784317 0.122785464
7 0.577703118 0.176886111 0.033873796 0.041726973
6 0.231342703 0.702854156 0.165339038 0.138396800
10 0.470425516 0.311854869 0.050874989 0.060715862
12 0.403082281 0.316667348 0.076319970 0.063293852
5 0.255573452 0.527003467 0.155494407 0.108545780
2 0.559078097 0.557575703 0.421995252 0.484022945
3 0.395793229 0.521252096 0.112746798 0.411309600
5 0.463020831 0.263530552 0.158396050 0.104363650
0 0.439963549 0.349302769 0.051646750 0.062641755
4 0.778651059 0.470301390 0.128724977 0.115932018
