9 0.234666660 0.458611816 0.126872599 0.148799345
9 0.649994791 0.127161801 0.116840363 0.163357034
11 0.344377607 0.697659731 0.089643635 0.119090982
8 0.653265595 0.559993029 0.117306709 0.184234783
11 0.435287505 0.202331945 0.091577612 0.119546443
10 0.348899990 0.273850709 0.048664093 0.058969364
6 0.302392185 0.200509727 0.141901016 0.204334363
7 0.635057271 0.304514587 0.033867199 0.045220111
3 0.399820834 0.518794417 0.307155877 0.226122066
5 0.520556271 0.273666680 0.150421217 0.073685512
12 0.404465616 0.397297919 0.074124970 0.077912301
10 0.539708316 0.489927769 0.048617482 0.059953161
4 0.632567704 0.371877789 0.077328920 0.164518386
1 0.169318229 0.566861093 0.247767046 0.460914731
12 0.624807298 0.447219431 0.035961032 0.097363740
2 0.558177054 0.751756966 0.449188858 0.438678861
0 0.744963527 0.181307644 0.050118286 0.064730629
0 0.276661456 0.334270835 0.052861053 0.069234952
