9 0.829093754 0.173960418 0.114307165 0.161059454
9 0.436467201 0.403162509 0.122103535 0.154218614
8 0.667979181 0.800256968 0.084951676 0.169792175
11 0.561317682 0.851854146 0.086562790 0.125073642
11 0.793843746 0.944006920 0.093678795 0.112472586
6 0.519631267 0.270279855 0.091627039 0.218545914
10 0.786333323 0.805972219 0.047947247 0.063439421
10 0.736187518 0.356188893 0.045607805 0.063170671
1 0.414473951 0.662102103 0.161025405 0.497336447
3 0.886072934 0.674607635 0.109952688 0.421502531
2 0.671890616 0.336553484 0.058857758 0.660404146
12 0.836531222 0.352518737 0.077762760 0.076587357
4 0.527515650 0.707076371 0.100002848 0.159498215
12 0.668947935 0.926069438 0.074491225 0.052668888
7 0.494280219 0.700430572 0.037714165 0.049857404
5 0.822093725 0.573527753 0.085935913 0.210322067
0 0.587625027 0.732270837 0.047322195 0.068324089
0 0.806739569 0.449386805 0.047378063 0.065669164
