9 0.608536482 0.133792356 0.121686660 0.151170433
9 0.895312488 0.555061102 0.114901543 0.157775819
11 0.355132818 0.411068052 0.087990306 0.113230757
11 0.641927063 0.772104144 0.089510322 0.120729074
10 0.914932311 0.786770821 0.046599548 0.066185847
10 0.451319784 0.622625709 0.046114564 0.057871182
12 0.465896368 0.234849304 0.072209515 0.074480087
12 0.643151045 0.370872915 0.074223198 0.060207076
0 0.540531278 0.483809024 0.049096983 0.065451466
0 0.843421876 0.239603475 0.050267220 0.071564645
