9 0.608515620 0.095758334 0.114712477 0.160805970
9 0.427355736 0.588381231 0.122813024 0.151629344
11 0.727265596 0.835048616 0.091915451 0.115130477
11 0.355490625 0.137902081 0.085273147 0.124527007
10 0.880557299 0.430033326 0.048247498 0.063311234
10 0.528864563 0.855145812 0.045892715 0.061002731
1 0.737192690 0.605316639 0.381785244 0.140106097
6 0.663343728 0.640710413 0.144235447 0.215669423
5 0.428666145 0.267487496 0.142162248 0.204576224
6 0.216013014 0.689227104 0.130020991 0.215903491
2 0.495304167 0.353404850 0.486688942 0.285342097
5 0.309180737 0.875166655 0.123350464 0.214251101
1 0.709098935 0.208740279 0.378198057 0.158340499
2 0.308116138 0.574374974 0.342703015 0.584657550
