9 0.323503643 0.882333338 0.122415446 0.151055813
9 0.753348947 0.614660442 0.125384256 0.151406765
11 0.723161459 0.344763875 0.088571072 0.120684624
11 0.475409389 0.871965289 0.090484656 0.123709306
8 0.649947941 0.642624319 0.093603455 0.174534589
10 0.784010410 0.897506952 0.047400791 0.063185215
6 0.839390635 0.702458322 0.059609096 0.213707179
4 0.689130187 0.569884002 0.048980195 0.163823336
7 0.636057317 0.442523599 0.034914333 0.044633310
12 0.561687529 0.574472249 0.038006026 0.099196911
12 0.517845333 0.784590304 0.045249064 0.101154909
10 0.716062486 0.786715269 0.050004959 0.059351340
0 0.615968764 0.531382620 0.037642915 0.057661798
1 0.871276021 0.540147901 0.173938200 0.483823657
3 0.575156271 0.364441663 0.236525699 0.368155330
5 0.325485945 0.601806223 0.106454931 0.212769300
2 0.477843761 0.565126359 0.328177184 0.591289639
0 0.431310415 0.629604876 0.048719089 0.058371119
