9 0.715203106 0.841944456 0.123541392 0.148081034
8 0.776302099 0.667772233 0.142498180 0.154770643
11 0.785744786 0.415203482 0.088171244 0.122506827
6 0.569385409 0.494679153 0.162823156 0.178541660
7 0.641447902 0.573459029 0.035137575 0.045791574
1 0.470127612 0.299922913 0.167256907 0.491173744
5 0.591859400 0.735722244 0.137213707 0.205515489
10 0.694437504 0.332488209 0.050493080 0.065749198
0 0.411830723 0.615037501 0.047276735 0.064728580
12 0.439754158 0.770951390 0.073690414 0.083545841
3 0.294577599 0.836222231 0.290009081 0.278577805
2 0.342184365 0.391874999 0.151195720 0.672005236
4 0.679453135 0.237390280 0.082667351 0.172027096
