9 0.714083314 0.773354173 0.122049451 0.155468300
9 0.343123972 0.278025687 0.122639775 0.151209429
11 0.409232289 0.677997887 0.088739872 0.122554302
11 0.653348982 0.586630583 0.087899722 0.120621949
6 0.232405722 0.270674318 0.153429851 0.200284272
5 0.471784890 0.793326378 0.072978973 0.213839218
5 0.257250011 0.439977765 0.100744963 0.220272169
6 0.803104162 0.446875006 0.153553650 0.199834138
10 0.478160948 0.938916683 0.046348136 0.059822399
10 0.618348956 0.480150700 0.043922901 0.055528905
1 0.792083323 0.489374995 0.285270303 0.434196115
2 0.355387509 0.534227073 0.365772098 0.562739849
2 0.499498963 0.174374998 0.503840804 0.163398936
1 0.550598979 0.693125010 0.091990709 0.490470082
