8 0.524546862 0.866874993 0.102036916 0.179187611
8 0.448396862 0.566874981 0.111510433 0.182158053
6 0.366890103 0.887631953 0.097870253 0.221979931
7 0.847114563 0.660227776 0.035421371 0.045177564
6 0.478569269 0.355260402 0.165391967 0.129907474
5 0.311122388 0.221874997 0.157117769 0.127226382
5 0.597697914 0.519375026 0.101246357 0.211203039
1 0.337174475 0.681874990 0.373637915 0.156364813
1 0.234969795 0.848124981 0.372551292 0.275153309
7 0.306173950 0.157053471 0.035624385 0.045031946
3 0.673848987 0.624374986 0.201043248 0.392578959
3 0.763026059 0.295625001 0.187072039 0.398325175
2 0.540583313 0.224374995 0.443277031 0.435680807
2 0.168837503 0.530624986 0.335825831 0.593622506
4 0.298096359 0.493124992 0.124425054 0.089385986
4 0.189879686 0.198125005 0.074154466 0.174651504
