9 0.244463027 0.189084724 0.121597052 0.164877713
8 0.462743759 0.594725013 0.119017400 0.187498778
11 0.741838515 0.556900680 0.089924574 0.121809162
7 0.385005742 0.808805585 0.034750104 0.045404699
6 0.188170835 0.314036816 0.162822783 0.181026995
10 0.705520809 0.357739598 0.045798540 0.064514928
5 0.598208308 0.663081944 0.160033301 0.094825372
12 0.331153631 0.649061799 0.069267750 0.096491545
2 0.639562488 0.201475695 0.472412199 0.357660979
3 0.458166659 0.346220136 0.251893133 0.353648096
1 0.220088020 0.595162511 0.271202952 0.445421100
4 0.581276059 0.874340296 0.065583982 0.173104554
0 0.562624991 0.410625011 0.052456897 0.068771258
