9 0.454152077 0.886555552 0.113887787 0.162550136
11 0.239895314 0.689464569 0.092074752 0.113363475
9 0.501362503 0.334974319 0.120759487 0.152929544
11 0.751942694 0.633688211 0.089448772 0.117899418
10 0.546046853 0.551019430 0.046511013 0.064744793
10 0.366302073 0.706319451 0.045562625 0.062602520
12 0.730130196 0.807180583 0.075413547 0.057848454
12 0.356967717 0.514522195 0.067777537 0.033014826
0 0.483197927 0.708819449 0.046619177 0.066859037
0 0.709546864 0.460351378 0.051132839 0.069314748
