8 0.645697892 0.561079860 0.091723599 0.171171978
8 0.336217195 0.599550724 0.123813428 0.187633678
7 0.795406222 0.605945110 0.034453791 0.045670297
7 0.404317200 0.241918057 0.034736395 0.046156764
12 0.459381253 0.760354161 0.035272878 0.099136934
0 0.516285956 0.345954865 0.043233316 0.065898314
4 0.658526063 0.351512492 0.125396207 0.056677237
3 0.617145836 0.170804858 0.310193390 0.096821815
12 0.514313519 0.534432650 0.065420546 0.095674619
3 0.258772910 0.348865986 0.192511603 0.400501788
4 0.373470306 0.368022233 0.104479194 0.164628059
0 0.541859388 0.728444457 0.046634633 0.067729793
