9 0.583687484 0.652543068 0.122857653 0.151274264
11 0.805223942 0.679618776 0.089099407 0.122664981
8 0.402054697 0.462644458 0.130930856 0.184005469
7 0.654197931 0.473924309 0.034388185 0.045193724
10 0.418733329 0.926131964 0.043654680 0.063209005
6 0.296849996 0.263797224 0.142330885 0.206217945
1 0.613484383 0.825847208 0.370523721 0.106471911
5 0.551531255 0.385322928 0.152790502 0.165303200
2 0.704057276 0.248770133 0.425913304 0.456074715
3 0.309118241 0.523124993 0.263828009 0.340084255
4 0.176130205 0.627486110 0.104682684 0.158589631
12 0.158723965 0.738624990 0.072453111 0.038891632
0 0.304770827 0.782673597 0.045079906 0.062209446
