9 0.111495830 0.463114589 0.123814702 0.144811094
8 0.633213520 0.315269440 0.076200522 0.161997899
11 0.459801048 0.767847240 0.082017623 0.125978574
7 0.459296346 0.390570819 0.033103228 0.044137612
6 0.498187512 0.251506239 0.155040979 0.178769380
2 0.645734370 0.555493772 0.491594225 0.128069773
5 0.538239598 0.385304868 0.096033655 0.210704267
4 0.298468739 0.734104156 0.058899123 0.170481205
10 0.390263021 0.604776382 0.045639236 0.060562029
12 0.608640611 0.653801382 0.071035981 0.081334539
1 0.616734385 0.795624971 0.328964621 0.354916245
3 0.287517697 0.491354853 0.240346149 0.360901147
0 0.329285949 0.252892375 0.046020728 0.054547787
