8 0.475640118 0.771145821 0.140790537 0.179908916
7 0.499720842 0.628129840 0.034957331 0.045606509
2 0.562276065 0.088660419 0.498201370 0.091197081
10 0.639192700 0.834166646 0.047829468 0.058240626
4 0.246043757 0.721513867 0.129978240 0.084448390
6 0.515690088 0.302032650 0.160802364 0.118069597
9 0.602432311 0.480868042 0.118578672 0.146738470
11 0.737124979 0.408682644 0.093930006 0.111977018
6 0.359140098 0.519816637 0.136525497 0.218327314
3 0.391674995 0.653240979 0.184844851 0.406612396
1 0.248406246 0.369812489 0.241559982 0.471213758
0 0.711567700 0.228372917 0.053787787 0.069674939
12 0.700848937 0.625706255 0.043502808 0.099604554
