8 0.322352618 0.271039575 0.108292662 0.185137570
8 0.180892184 0.780840278 0.104941644 0.179549858
3 0.133241147 0.478493065 0.073835082 0.413414121
7 0.515010417 0.616028488 0.034042995 0.045390606
3 0.651624978 0.105198614 0.314694196 0.179162845
7 0.723177075 0.405523598 0.035732985 0.045959871
12 0.307176560 0.516008317 0.058131754 0.099228278
0 0.741432309 0.752305567 0.049307745 0.060026910
12 0.283114076 0.890090287 0.073439695 0.080156907
4 0.367658854 0.687897921 0.074832201 0.172489956
4 0.593161464 0.432930559 0.062383015 0.169420928
0 0.462731779 0.910256922 0.053639729 0.070621759
