10 0.700135410 0.878076375 0.046345711 0.062982507
10 0.429316670 0.444619447 0.046650410 0.062848754
9 0.390761465 0.620882630 0.116875134 0.160517752
9 0.605385423 0.659042358 0.122679792 0.151504308
5 0.386272401 0.268124998 0.098116994 0.219132915
11 0.400321871 0.895409703 0.088902391 0.119842261
5 0.639781237 0.861874998 0.119532146 0.213116378
11 0.647546887 0.231962502 0.086151004 0.125794038
6 0.607713521 0.406875014 0.167121008 0.182776868
6 0.533026040 0.114652775 0.087792791 0.219980687
1 0.494489074 0.563125014 0.087617792 0.504441202
1 0.166833848 0.480625004 0.113503136 0.510617912
2 0.716932297 0.444375008 0.073513664 0.669028699
2 0.276052088 0.461874992 0.096814670 0.672646761
