7 0.456413031 0.128124997 0.028645834 0.043446608
3 0.667833328 0.311874986 0.130455688 0.415524274
2 0.650802076 0.616874993 0.419981688 0.494553566
2 0.245992184 0.300624996 0.351688534 0.582087398
7 0.490364581 0.837847233 0.032291651 0.041944399
8 0.699901044 0.625625014 0.131244615 0.188307658
8 0.484468758 0.723124981 0.131422400 0.189879730
6 0.263026029 0.418125004 0.114110865 0.224592552
6 0.542583346 0.801874995 0.137435839 0.214564800
5 0.448396862 0.869374990 0.051853221 0.201704711
4 0.423346877 0.795624971 0.046780426 0.172731936
5 0.536572933 0.213125005 0.162256166 0.168624789
4 0.425350517 0.198125005 0.065772854 0.165091693
1 0.496493220 0.311874986 0.377206087 0.196970284
3 0.469439059 0.498124987 0.286219031 0.297910750
1 0.434368759 0.530624986 0.334890991 0.343981981
