11 0.269539058 0.610000014 0.083958350 0.114254847
9 0.512525022 0.286249995 0.113958359 0.152999297
10 0.770541668 0.218750000 0.048333328 0.063486665
7 0.850703120 0.543124974 0.032395840 0.042110708
7 0.511522889 0.644999981 0.035208303 0.043446541
0 0.344353139 0.589487493 0.049497824 0.069809757
12 0.412491679 0.139599308 0.074829817 0.051403020
2 0.597864568 0.725763917 0.497917414 0.198607340
1 0.686874986 0.476875007 0.367813498 0.119223937
3 0.484468758 0.739374995 0.308480233 0.116368294
8 0.381262511 0.804374993 0.131289840 0.123471946
5 0.590682268 0.273124993 0.119680248 0.199652299
5 0.335170299 0.370624989 0.108200707 0.213013813
8 0.700901031 0.211875007 0.136135265 0.179538861
4 0.619739592 0.524375021 0.118625797 0.104634918
6 0.816307306 0.702062488 0.144585773 0.193014041
6 0.260019779 0.424374998 0.118080974 0.221934661
