10 0.313413531 0.253514588 0.047716856 0.065050088
10 0.588682294 0.594434738 0.046055477 0.064360090
9 0.638276041 0.387950003 0.115590572 0.156741038
9 0.370801568 0.615630567 0.120813370 0.151672155
11 0.428784907 0.508335412 0.092787385 0.123369798
11 0.274967700 0.349876374 0.094542168 0.119743243
6 0.474452615 0.836812496 0.058431864 0.213726208
5 0.305110425 0.151875004 0.119791426 0.226838619
6 0.343186468 0.379375011 0.079987407 0.230670720
5 0.484468758 0.698125005 0.122614704 0.209279433
2 0.756010413 0.296875000 0.418530136 0.489021301
2 0.469439059 0.361874998 0.261935234 0.654718280
1 0.131763548 0.546875000 0.112707920 0.500461817
1 0.567635417 0.434374988 0.235315010 0.485146195
