9 0.257173955 0.749298632 0.118311644 0.164571449
8 0.197320834 0.407494456 0.093973301 0.174396783
11 0.279736966 0.201762497 0.087337278 0.124556571
6 0.494872928 0.474624991 0.158226326 0.187453210
7 0.526750028 0.754166663 0.032839417 0.045173697
10 0.320223957 0.534006953 0.048076551 0.058203116
12 0.374069780 0.814416647 0.027163943 0.092596427
4 0.135032296 0.604568064 0.039703172 0.166244924
2 0.571468771 0.238788188 0.489552408 0.299381346
5 0.714843750 0.339160413 0.146714643 0.180785447
1 0.639093757 0.781340301 0.328180820 0.374087870
3 0.616354167 0.440936118 0.180818558 0.408801138
0 0.386395305 0.654340267 0.046859782 0.067141905
