10 0.165996879 0.802736104 0.047848683 0.063787729
10 0.529385388 0.646857619 0.047093034 0.062384445
11 0.361104697 0.844631970 0.089949049 0.121850334
9 0.483467191 0.529375017 0.118787527 0.150103509
9 0.177607819 0.530836105 0.117950670 0.156649798
11 0.758843780 0.239287496 0.092530884 0.117082804
5 0.453406781 0.836875021 0.144272640 0.201904193
5 0.777390599 0.474285424 0.161857843 0.128218070
6 0.655729175 0.311879873 0.125049829 0.219326973
1 0.395290613 0.526875019 0.192603901 0.495487541
2 0.739979148 0.673125029 0.365813226 0.570231616
1 0.146793753 0.293125004 0.282957464 0.444274485
2 0.317134380 0.136875004 0.509878933 0.122227855
6 0.157815620 0.429374993 0.162454769 0.207924947
