10 0.782614589 0.520159006 0.046334982 0.061467752
10 0.643161476 0.778402805 0.046180487 0.062877022
9 0.308554173 0.803819418 0.122397207 0.149402678
11 0.435865611 0.373563200 0.092203140 0.115962796
9 0.590260446 0.443958342 0.117852449 0.156657293
11 0.199399486 0.648595154 0.087341517 0.121129408
5 0.926354170 0.605624974 0.119072832 0.214085951
5 0.765031278 0.806874990 0.157677174 0.193692267
1 0.759015620 0.088124998 0.384940892 0.153223857
6 0.802104175 0.683125019 0.173214272 0.117031947
1 0.133438542 0.431875706 0.190531895 0.505105078
2 0.469439059 0.739374995 0.415269285 0.488016456
6 0.598697901 0.710624993 0.081289172 0.218556404
2 0.556614578 0.168125004 0.492661089 0.268586040
