10 0.314590633 0.621589601 0.046407599 0.061607838
10 0.811536431 0.179399997 0.047417004 0.062608324
9 0.550598979 0.463124990 0.129572868 0.154072493
11 0.719677091 0.662164569 0.089230455 0.119623870
9 0.598026037 0.806027770 0.116097771 0.154468849
11 0.904906273 0.669242382 0.087058544 0.121626109
5 0.804885387 0.373809725 0.160820007 0.112701364
5 0.239696875 0.727979183 0.102141976 0.211485445
6 0.624750018 0.253125012 0.159032300 0.076166734
1 0.262733340 0.280052096 0.376141757 0.206335336
2 0.422344804 0.435624987 0.201744691 0.660176933
6 0.283066154 0.605624974 0.103964530 0.229920119
2 0.745989561 0.523124993 0.499777943 0.286869019
1 0.486472905 0.760625005 0.371744543 0.269535482
