10 0.317616671 0.707611084 0.046067040 0.060114965
10 0.593645811 0.646999300 0.045755703 0.062825412
9 0.750000000 0.499374986 0.116880894 0.157221287
9 0.342184365 0.441875011 0.111724973 0.167532176
11 0.451023430 0.305652767 0.089993358 0.119630545
11 0.580651045 0.527486801 0.087261282 0.121710673
6 0.691447914 0.353920132 0.171119928 0.110662855
5 0.443041146 0.723784745 0.138396025 0.205896169
2 0.602703154 0.741874993 0.374887466 0.554399610
1 0.621744812 0.319375008 0.346731901 0.362994522
1 0.216933861 0.535624981 0.144129410 0.508058786
5 0.357292175 0.588417351 0.161696926 0.153921872
6 0.161481246 0.555220127 0.075809665 0.220932961
2 0.482465118 0.175624996 0.498826981 0.262239605
