9 0.436006248 0.142049998 0.109369792 0.161518037
9 0.288577080 0.421875000 0.118676543 0.141040266
11 0.246735930 0.628060400 0.088129163 0.120004863
11 0.676317692 0.518530548 0.087904252 0.118357658
10 0.566635430 0.436874986 0.049270868 0.062150717
10 0.673848987 0.278124988 0.047395784 0.064822726
12 0.564333320 0.289636791 0.050591152 0.100407332
12 0.454602599 0.427449316 0.071458973 0.034842677
0 0.492522925 0.711270809 0.042709827 0.062804595
0 0.373322397 0.658654869 0.052443665 0.064431615
