9 0.472444803 0.473125011 0.111788355 0.153073013
11 0.676364601 0.469120145 0.088336229 0.121017113
8 0.298456252 0.332753479 0.128712609 0.181433842
6 0.545937479 0.626286089 0.155049488 0.070312820
5 0.440978140 0.789305568 0.078185201 0.208619863
7 0.275723964 0.641302764 0.034141641 0.045086280
3 0.361276567 0.185942367 0.309537172 0.097750969
2 0.623624980 0.253866673 0.489111394 0.271022618
10 0.313867182 0.380595833 0.045799613 0.061541215
12 0.363902092 0.738770843 0.045250338 0.104729332
1 0.218938023 0.750625014 0.235838711 0.459807813
4 0.532567680 0.864374995 0.036592919 0.163194492
0 0.611723959 0.750625014 0.052765369 0.067886300
