9 0.407466680 0.155395836 0.121114850 0.153003007
8 0.413455725 0.432072908 0.134922341 0.127296954
11 0.240541667 0.150610417 0.089984320 0.120968819
6 0.633468747 0.085723609 0.169277623 0.126141027
10 0.446928650 0.614562511 0.044346809 0.059129078
2 0.548265636 0.706986129 0.491274506 0.244872361
5 0.293085933 0.595624983 0.133839205 0.203132942
7 0.648588538 0.508781254 0.033773821 0.045794751
12 0.831322908 0.563692331 0.069519840 0.097563215
4 0.638286471 0.249376386 0.129296899 0.079645447
3 0.207611978 0.429945141 0.273217946 0.335007548
1 0.681218743 0.377754152 0.370584518 0.184809580
0 0.446843743 0.902173638 0.048052866 0.066799484
