11 0.398797393 0.219374999 0.081722893 0.123845138
9 0.862723947 0.280000001 0.120834909 0.153982639
9 0.526416659 0.772319436 0.111520290 0.162452802
11 0.784317732 0.673749983 0.089583240 0.118931293
10 0.442380726 0.558704853 0.048075438 0.059513621
10 0.648203135 0.482037514 0.050520737 0.058027163
0 0.325920314 0.483055562 0.049875695 0.068593979
0 0.445865631 0.371261805 0.047148783 0.067440510
12 0.547630191 0.167868748 0.046557587 0.099733382
12 0.669406235 0.298740268 0.063596487 0.093181878
