8 0.586416662 0.839048624 0.079160012 0.164337575
8 0.719713569 0.718472242 0.096966267 0.175931036
7 0.537671864 0.443813890 0.033116143 0.045132533
7 0.852656245 0.409790277 0.035306692 0.045677766
3 0.671916664 0.343653470 0.093963943 0.417902201
3 0.214506775 0.452600688 0.066702686 0.413494468
0 0.743031263 0.307799309 0.048043251 0.067876071
12 0.382024467 0.704583347 0.029237470 0.097368136
0 0.536666691 0.220976382 0.051540416 0.072930492
4 0.443027079 0.241206944 0.120250978 0.138901219
12 0.576296866 0.589349329 0.076443195 0.063393749
4 0.375909388 0.360108346 0.091169000 0.163079873
