9 0.340840101 0.334392369 0.121756949 0.150089324
9 0.347627074 0.704159737 0.118180133 0.160431013
11 0.857697904 0.420863897 0.088127293 0.123434149
6 0.478578120 0.342529178 0.056656759 0.214535028
5 0.496505201 0.626193762 0.076635517 0.210776642
11 0.266923964 0.522270143 0.087106667 0.124464191
10 0.699947894 0.489794433 0.045795996 0.062736407
1 0.141700000 0.413022906 0.097990446 0.496473521
2 0.328117698 0.850104153 0.503698170 0.138978899
2 0.592401028 0.081530556 0.501466095 0.172479123
6 0.600536466 0.548536122 0.095897757 0.222412050
10 0.607104182 0.264428467 0.045695383 0.065434135
1 0.756265640 0.644939601 0.352897376 0.301435947
5 0.175178126 0.101197913 0.119566381 0.212133333
