7 0.344188541 0.576874971 0.034270823 0.043446541
7 0.470941663 0.473749995 0.029583374 0.042110603
1 0.574651062 0.233125001 0.347786188 0.308799088
1 0.711921871 0.440625012 0.313411146 0.394106746
3 0.717937529 0.639374971 0.306804270 0.105295762
3 0.315130204 0.404374987 0.177724242 0.405807167
2 0.503506780 0.651875019 0.379286855 0.541953504
2 0.527557313 0.283125013 0.424301267 0.466796875
4 0.399298429 0.280624986 0.114097118 0.148299262
4 0.309118241 0.481875002 0.083767496 0.172729656
5 0.478456765 0.525624990 0.156853601 0.128731251
5 0.664828122 0.528124988 0.155531168 0.150024101
6 0.576651037 0.496874988 0.103710771 0.212823838
6 0.190881774 0.215625003 0.145503610 0.196192563
8 0.272044271 0.550625026 0.130530909 0.115722500
8 0.409115613 0.418059736 0.110647045 0.186346084
