9 0.390976042 0.584691644 0.107653938 0.159989998
9 0.562109351 0.120165281 0.113288559 0.161241844
11 0.314334363 0.496273607 0.085334204 0.117764868
8 0.458018750 0.869506955 0.075561367 0.163431436
11 0.729187489 0.121770836 0.088273369 0.121852964
10 0.198842704 0.395706952 0.045141816 0.064054281
1 0.548760414 0.717041671 0.370914787 0.177943647
3 0.765859365 0.343106955 0.324994236 0.088116325
7 0.591817737 0.616497219 0.035604317 0.045608785
0 0.612177074 0.579306960 0.034067988 0.045423985
2 0.573645830 0.416875005 0.500341892 0.103443570
5 0.374914050 0.140417367 0.164212927 0.127624527
10 0.383125514 0.915784717 0.046361405 0.062706627
12 0.292971343 0.149460420 0.076460101 0.067417726
12 0.231732816 0.487185419 0.066987775 0.087415323
6 0.266758859 0.678000689 0.123396240 0.219479084
4 0.213202611 0.324936122 0.087047614 0.166405499
0 0.282975525 0.877111137 0.048086505 0.069147378
