10 0.626645863 0.271262497 0.047209304 0.064425863
10 0.665536463 0.601418734 0.045599859 0.061469026
9 0.198897913 0.728124976 0.118439935 0.158425540
9 0.376157820 0.842118084 0.121887803 0.150830582
11 0.416624486 0.490552783 0.093289733 0.115239412
5 0.361222386 0.658124983 0.075332262 0.221637085
11 0.523828149 0.176258340 0.093581796 0.122844487
1 0.778057277 0.568125010 0.156923771 0.510803521
1 0.295090109 0.421875000 0.326294571 0.378652990
6 0.535572946 0.688125014 0.159858033 0.187568560
5 0.599854171 0.435299307 0.159219146 0.098288804
2 0.721942723 0.243125007 0.410541534 0.503464043
2 0.222945839 0.274374992 0.376442283 0.562635243
6 0.656671882 0.813888907 0.157040358 0.070383281
