10 0.251790106 0.284533322 0.046341121 0.061456997
10 0.689927101 0.389711112 0.046902340 0.062729090
11 0.812312484 0.643824995 0.088952146 0.117587723
9 0.336490095 0.375263900 0.114132367 0.161090851
9 0.562567711 0.241855562 0.124259472 0.149554148
5 0.457414597 0.710624993 0.114740252 0.216657430
11 0.319869280 0.538174987 0.088766396 0.122921675
5 0.696895838 0.618125021 0.155179784 0.171285942
1 0.219940111 0.644375026 0.300981432 0.424640477
1 0.176853642 0.203125000 0.327592701 0.391474783
6 0.398997396 0.185120136 0.062018871 0.214480460
2 0.799098969 0.308124989 0.380788893 0.550476789
6 0.530562520 0.473125011 0.160075948 0.076994814
2 0.204909891 0.766875029 0.449366480 0.453643918
