8 0.637921870 0.398606956 0.092102371 0.173720598
8 0.190054685 0.294772208 0.087430775 0.174137250
7 0.812812507 0.564211786 0.034606934 0.045202043
12 0.393022925 0.213269442 0.076479279 0.073518753
7 0.575104177 0.762006938 0.035760481 0.046608236
0 0.360095829 0.716152787 0.047140677 0.054954052
12 0.726312518 0.645698607 0.030958176 0.098177701
3 0.770390630 0.220443055 0.240865991 0.355372012
3 0.229891673 0.578793764 0.257428676 0.356725335
4 0.523296893 0.665753484 0.119999491 0.136628091
4 0.449256778 0.847159743 0.090084791 0.169897139
0 0.385458857 0.537126362 0.053175490 0.072573289
