9 0.702411473 0.600815952 0.119116068 0.156064928
8 0.554661453 0.594570816 0.098249160 0.178427115
8 0.814567685 0.319792360 0.122562967 0.186791763
11 0.369341671 0.368458331 0.087759174 0.122519918
6 0.114253126 0.373120844 0.063129805 0.214167461
10 0.613666654 0.349299997 0.047176521 0.065629721
7 0.606687486 0.402006954 0.035088617 0.045802251
7 0.815760434 0.397784710 0.037690956 0.047745652
1 0.296610951 0.781694472 0.317347288 0.372185916
3 0.431940615 0.396045148 0.137576774 0.409986168
6 0.607973933 0.788979173 0.128844187 0.206782982
5 0.342856765 0.261045128 0.151440039 0.168980628
5 0.679541647 0.270418048 0.128039360 0.201425955
4 0.664692700 0.734618068 0.114317976 0.130790651
2 0.464669257 0.536411107 0.131439045 0.664532423
0 0.603989601 0.306666672 0.046137650 0.047672696
12 0.609656274 0.228566661 0.046481013 0.103158750
