9 0.573958337 0.341793060 0.122618116 0.155636579
9 0.382834882 0.410297215 0.123698592 0.150321171
8 0.564072907 0.678413212 0.121756554 0.188937187
11 0.417626560 0.222339585 0.092170119 0.116825789
11 0.771369815 0.332654864 0.086692333 0.126781538
3 0.283077598 0.290114582 0.087954067 0.418711960
1 0.696052074 0.522009730 0.368326992 0.098693691
7 0.493824482 0.290289581 0.035766959 0.047800727
10 0.234344274 0.593594432 0.049036700 0.064919740
5 0.614984393 0.170111105 0.128529668 0.208185092
4 0.446240634 0.735979140 0.044706583 0.158189610
10 0.618239582 0.677884698 0.049001019 0.062842421
0 0.474364072 0.227539584 0.038037580 0.057304330
6 0.714109361 0.328946531 0.079029240 0.215815336
12 0.358698428 0.510915279 0.075080298 0.062462702
0 0.440556258 0.646710396 0.051614087 0.063970089
2 0.264246345 0.575036824 0.260746241 0.631948471
12 0.337082803 0.583221555 0.039915700 0.098751016
