9 0.728947937 0.413383335 0.114203058 0.155672237
8 0.742020845 0.149518058 0.115110554 0.184036434
8 0.482053638 0.365722924 0.136803314 0.148661032
6 0.301850528 0.608634055 0.164812461 0.128472969
11 0.778828144 0.610035419 0.091200508 0.113051839
6 0.380621344 0.324872911 0.162013844 0.130789921
7 0.863468766 0.378497213 0.035199326 0.045605581
7 0.579260409 0.548475027 0.033487439 0.044650026
1 0.512078643 0.127702087 0.367641300 0.117748588
12 0.667864561 0.427265972 0.024626056 0.094263583
5 0.863192737 0.139033332 0.146656990 0.189706460
4 0.591973960 0.638428450 0.039199073 0.163423538
5 0.340705723 0.281638891 0.152565315 0.085519314
10 0.653781235 0.510266662 0.047736842 0.059737101
3 0.831723988 0.385426402 0.283609778 0.307958752
0 0.572921872 0.156852081 0.052878063 0.065549701
2 0.555385411 0.422363877 0.315324634 0.591849446
