8 0.346846879 0.833777785 0.101038493 0.178571805
8 0.322443753 0.375048608 0.143287256 0.158307895
7 0.521364570 0.804166675 0.034636974 0.045027997
7 0.555296898 0.126361117 0.035098631 0.046778969
12 0.431795299 0.172388196 0.049054462 0.103239313
0 0.460179180 0.612781942 0.048476815 0.067744888
12 0.821234345 0.609113216 0.041659832 0.100959986
3 0.258135408 0.659119427 0.265147030 0.347863078
3 0.732098937 0.161462501 0.256453067 0.343136787
4 0.750479162 0.416895837 0.128821373 0.088132650
4 0.690036476 0.716763914 0.107754864 0.155783921
0 0.666312516 0.280475706 0.050452430 0.072089113
