8 0.362593740 0.811576366 0.114935197 0.187141106
8 0.560625017 0.116577081 0.116148792 0.185326174
7 0.570854187 0.522060394 0.032914799 0.043886501
3 0.173077598 0.466244459 0.109941758 0.419079036
7 0.492141664 0.391455561 0.035098314 0.045417283
3 0.739875019 0.404702783 0.090395130 0.415562749
0 0.506010413 0.634964585 0.040331881 0.060050115
0 0.312506765 0.346242368 0.046439487 0.066712350
4 0.736718774 0.757034719 0.057763260 0.167457044
12 0.331628114 0.520002782 0.067708135 0.093690604
4 0.874510407 0.533783317 0.105493069 0.164926738
12 0.388716668 0.121206947 0.044394176 0.100861996
