9 0.232817709 0.177657634 0.120692372 0.153000146
8 0.489246875 0.404049993 0.119858660 0.186215088
11 0.432951570 0.145357639 0.088711582 0.123159014
3 0.213956773 0.537120163 0.086544953 0.418219626
7 0.287324995 0.570088863 0.033023637 0.045277279
10 0.342991143 0.294023603 0.045239806 0.060956981
12 0.552791655 0.508401394 0.060774487 0.096579976
6 0.488929152 0.618031263 0.091963768 0.219174445
1 0.550906241 0.797048628 0.363353103 0.246443644
5 0.283002079 0.754437506 0.135139719 0.207862958
0 0.351434380 0.441108346 0.047706723 0.070564322
4 0.396432817 0.632103443 0.098118819 0.165064871
2 0.716932297 0.398124993 0.281351417 0.617850602
