9 0.826348960 0.342536807 0.122501612 0.146649227
9 0.327979177 0.481948614 0.118544020 0.144668758
11 0.754796863 0.531965256 0.091423273 0.113591619
11 0.405189574 0.201734722 0.081888795 0.123054385
12 0.584859371 0.409525007 0.072139584 0.083649583
10 0.669291675 0.652154148 0.049130719 0.068508729
0 0.680265605 0.340892375 0.050934356 0.071912155
10 0.593473971 0.178218752 0.047395825 0.060047414
0 0.516120315 0.559057653 0.047909260 0.068618298
12 0.536182284 0.764958322 0.031595390 0.097411580
