10 0.414766669 0.377554178 0.046500999 0.062085524
9 0.542583346 0.334374994 0.117141485 0.162893742
11 0.241555214 0.336294442 0.089304924 0.119110689
7 0.533234358 0.645201385 0.034261305 0.044592805
8 0.408316672 0.725624979 0.080626808 0.167699128
5 0.237976044 0.655624986 0.126921758 0.207953036
0 0.577703118 0.764611125 0.036560655 0.064941086
1 0.768036485 0.451875001 0.135716274 0.505805612
4 0.481463015 0.598124981 0.077510513 0.183747709
6 0.636015654 0.807597220 0.071753383 0.216767520
12 0.617734373 0.508125007 0.078980125 0.075172529
3 0.368236452 0.526875019 0.318785489 0.163939685
2 0.530562520 0.136875004 0.500697672 0.079580285
