9 0.298514068 0.107582636 0.118706904 0.159052536
8 0.504244268 0.875187516 0.079809941 0.165979221
11 0.496635407 0.622822225 0.088913918 0.123163223
7 0.421829700 0.439032644 0.034078360 0.045437839
6 0.116209373 0.387886792 0.082725488 0.219329193
2 0.258186966 0.408272237 0.226166651 0.652890444
10 0.508965075 0.150326386 0.048115253 0.062509231
5 0.638875008 0.524165988 0.161716148 0.144914791
1 0.786718726 0.353809029 0.230834410 0.473150998
12 0.672713518 0.743479192 0.065512620 0.100699954
3 0.238979682 0.761819422 0.264068216 0.337372184
4 0.525817692 0.332046539 0.126455471 0.112001948
0 0.369883865 0.286904156 0.051889498 0.068276986
