9 0.486714572 0.579969466 0.112394333 0.162713632
8 0.604260445 0.774534702 0.127423927 0.187675267
11 0.680041671 0.147216663 0.091016173 0.118806519
5 0.622619808 0.253722906 0.052707355 0.204078570
2 0.382974476 0.574451387 0.099803746 0.671869695
6 0.855885446 0.360184014 0.166154146 0.167402804
7 0.591020823 0.594558358 0.033668201 0.045729797
12 0.475344270 0.309347212 0.075181209 0.034524363
10 0.580765605 0.468138903 0.045160532 0.063784443
1 0.283240110 0.413954854 0.185605511 0.490053326
4 0.680276036 0.489600688 0.126761124 0.060566742
3 0.426922917 0.120915972 0.314550728 0.140896827
0 0.661656260 0.607663870 0.049183529 0.069757886
