8 0.336533844 0.226225689 0.095568262 0.175157532
8 0.686447918 0.565102100 0.091528095 0.172978982
7 0.445891678 0.555152774 0.033928912 0.043852858
3 0.169366673 0.470497221 0.095638700 0.417432964
7 0.639906228 0.401252776 0.034686882 0.045543090
12 0.680276036 0.213896528 0.076703429 0.070643097
3 0.842083335 0.276650697 0.161535427 0.409052640
12 0.446890622 0.733465254 0.075710975 0.071964949
0 0.345896363 0.501560390 0.050571661 0.071240745
4 0.512808859 0.300036818 0.062690258 0.171966925
0 0.771812499 0.414698601 0.049802620 0.068361096
4 0.245458856 0.597692370 0.097482838 0.166044027
