8 0.502960920 0.566303492 0.140878320 0.171377391
9 0.380213529 0.517056942 0.119793810 0.150142029
8 0.470554680 0.758958340 0.074523211 0.160943240
11 0.708796859 0.445897907 0.088423096 0.110244244
7 0.619880199 0.582511127 0.033423662 0.045420382
10 0.678687513 0.642881930 0.044795591 0.058675766
6 0.821656227 0.276234716 0.169067070 0.125484928
7 0.719338536 0.779097199 0.033659857 0.047089417
1 0.571119785 0.257119447 0.368045807 0.102158099
5 0.821364582 0.567383349 0.116423450 0.208550245
12 0.739708304 0.745319426 0.065688930 0.095430851
6 0.376018763 0.339440972 0.112640560 0.225922510
5 0.640822887 0.762604177 0.155241489 0.170944214
4 0.440827072 0.611350715 0.120824732 0.144231111
2 0.599734366 0.524790287 0.454055071 0.401225209
3 0.655848980 0.481852084 0.274241596 0.319471210
0 0.724911451 0.681421518 0.048434973 0.067005843
