8 0.193045318 0.736798584 0.106678478 0.182839021
8 0.509533882 0.401725680 0.119379520 0.193692371
7 0.617588520 0.496349305 0.034624655 0.045121245
0 0.348874986 0.443435431 0.039567053 0.061638966
7 0.349666655 0.654078484 0.035975713 0.046911769
12 0.584656239 0.646191001 0.049098808 0.102848262
3 0.200370833 0.385585427 0.191996336 0.401603580
12 0.839093745 0.565216660 0.042394955 0.101687483
3 0.409366161 0.222827777 0.260187924 0.341111779
0 0.711338520 0.266888887 0.039860565 0.061112482
4 0.614114583 0.163906947 0.124836288 0.120950356
4 0.463901043 0.754187524 0.086797155 0.167764127
