9 0.523109376 0.130649999 0.112964392 0.161343127
9 0.537526071 0.867638886 0.119890891 0.156367779
11 0.791093767 0.478547931 0.090374149 0.115458965
11 0.342121869 0.512570858 0.088944636 0.120622531
10 0.338308841 0.111147225 0.044272225 0.066188574
10 0.581958354 0.619797230 0.047014553 0.061610963
12 0.738791645 0.680243731 0.073482670 0.035766125
0 0.293281257 0.323319435 0.036832411 0.057852585
0 0.539432287 0.388366669 0.053959768 0.071020551
12 0.730723977 0.186427772 0.063446365 0.100791112
