9 0.699666679 0.801770806 0.119519033 0.153275222
8 0.728973985 0.138485417 0.084691525 0.169494495
11 0.550010443 0.425338209 0.086108364 0.125775918
6 0.449090630 0.419469446 0.098841108 0.225722894
7 0.640734375 0.528805554 0.033888657 0.044743910
5 0.501679182 0.039672013 0.157712862 0.083580837
2 0.239078641 0.382236809 0.178380802 0.659063518
1 0.395626038 0.768506944 0.348698527 0.327033311
12 0.354235947 0.174130559 0.035494883 0.101174168
0 0.529656231 0.624259710 0.035184581 0.058673009
4 0.374452591 0.595309019 0.056395967 0.181682795
10 0.812026024 0.865173638 0.045390923 0.062005043
3 0.686406255 0.336210430 0.223206326 0.383310437
