9 0.680958331 0.532536089 0.115597926 0.161315814
8 0.488638014 0.721381962 0.129630491 0.182575226
9 0.216306254 0.382002771 0.124168746 0.149382830
11 0.381326050 0.720020831 0.090000391 0.119534701
11 0.366636992 0.583415985 0.090104900 0.115577377
10 0.526656270 0.458306253 0.044533253 0.064002670
10 0.611911476 0.631273627 0.047148585 0.063148499
6 0.335754693 0.839416683 0.162385032 0.168524206
12 0.414289594 0.449504852 0.035484750 0.099228464
7 0.461580217 0.250610411 0.034094531 0.045459270
2 0.255652070 0.659444451 0.264728278 0.636835635
0 0.268284887 0.262868762 0.040431757 0.059736677
5 0.522864580 0.323987514 0.161864206 0.138812333
3 0.070157290 0.628345847 0.176109910 0.402806461
12 0.456370831 0.868013918 0.071954332 0.083565608
4 0.377674997 0.282102078 0.115636550 0.138737887
1 0.567703128 0.702750027 0.289430410 0.417931229
0 0.133455724 0.612856925 0.048088353 0.064273514
