9 0.314010948 0.603211820 0.110785447 0.161065638
8 0.607052088 0.258197218 0.135435775 0.187099114
11 0.448020309 0.797131956 0.088198625 0.125416651
3 0.208044797 0.472490966 0.058771413 0.412582308
5 0.571739554 0.505647242 0.098303877 0.214017183
10 0.482621342 0.318620831 0.043848556 0.065360203
12 0.659291685 0.733368039 0.029406389 0.097325116
6 0.664281249 0.468415976 0.082583666 0.219799355
2 0.755869806 0.385493070 0.138539791 0.668419540
1 0.322989583 0.114211112 0.376118064 0.197183639
4 0.314085424 0.358829170 0.080187164 0.170900658
0 0.378372908 0.199305549 0.052284796 0.068188123
