9 0.296092182 0.579375029 0.121354140 0.142997265
9 0.718807280 0.184275702 0.110875487 0.165464595
11 0.608218729 0.859375000 0.083003163 0.121308275
11 0.466432810 0.158124998 0.090520859 0.120934725
10 0.496993750 0.713124990 0.045520861 0.060814593
10 0.690880179 0.707499981 0.046458323 0.059478655
0 0.324148446 0.315625012 0.039055187 0.063698396
0 0.788078129 0.571874976 0.042752426 0.052025214
12 0.709109366 0.558638871 0.030478159 0.095826998
12 0.436489075 0.474734038 0.031588275 0.097587265
