9 0.085155725 0.477619439 0.121356569 0.152086765
8 0.174386457 0.716312528 0.095972866 0.174957752
11 0.337116659 0.121741667 0.090918742 0.122880936
5 0.254881263 0.832812488 0.068703614 0.204888135
7 0.408480197 0.541540980 0.034255344 0.045491643
1 0.623927057 0.219693750 0.374338061 0.112019829
10 0.562223971 0.340639591 0.043604851 0.059765179
12 0.328551054 0.425990283 0.074217558 0.074986726
6 0.136874482 0.266631931 0.115565382 0.221627071
2 0.646791637 0.609375000 0.497041315 0.151502609
3 0.442384899 0.813125014 0.283848047 0.297786444
4 0.526552081 0.103124999 0.124320745 0.114799768
0 0.294117182 0.640945137 0.043878555 0.062210083
