10 0.354848951 0.304553479 0.046597760 0.062130347
0 0.721942723 0.879374981 0.049314421 0.071455687
9 0.524546862 0.269374996 0.112841763 0.160107061
11 0.228424475 0.775513887 0.084849872 0.126037434
6 0.501478672 0.777013898 0.102703772 0.225333959
8 0.286072403 0.608124971 0.140397951 0.190513819
7 0.425350517 0.660624981 0.037114579 0.044605359
3 0.567635417 0.579375029 0.319556326 0.123772942
12 0.331162512 0.388125002 0.075429641 0.097700119
1 0.190881774 0.356875002 0.237845972 0.482157171
5 0.727958322 0.640625000 0.124631643 0.204608500
4 0.712401032 0.738541663 0.128167704 0.065887555
2 0.726953149 0.319375008 0.393411160 0.530028999
