8 0.616692722 0.564137518 0.133644149 0.187329933
8 0.786651015 0.333906263 0.131580278 0.131129205
6 0.872682273 0.508468032 0.161983654 0.105387956
7 0.493590117 0.049295139 0.033929348 0.042631418
4 0.646791637 0.774375021 0.107675709 0.154382065
3 0.553385437 0.273803473 0.308460593 0.084108986
2 0.731520832 0.907951415 0.501774549 0.150380775
1 0.717937529 0.643124998 0.194581822 0.491648555
6 0.470170319 0.630463898 0.147352979 0.192221433
7 0.422344804 0.925625026 0.034807205 0.047711585
1 0.791083336 0.571874976 0.311768770 0.392150521
5 0.522546887 0.413125008 0.160032034 0.093508989
5 0.463427097 0.886874974 0.075908422 0.205156490
3 0.295598954 0.324158341 0.220315874 0.376684785
2 0.351202607 0.619374990 0.100195073 0.672224879
