8 0.263798952 0.712409735 0.107921995 0.182943985
8 0.830218732 0.288909733 0.140555695 0.177585021
7 0.664994776 0.370461792 0.035260718 0.045509152
7 0.440574467 0.246901393 0.035677195 0.045786038
3 0.664484382 0.127459034 0.316862971 0.164205596
12 0.441223443 0.697722197 0.060850024 0.096827507
4 0.628640652 0.690246522 0.060214441 0.168202192
12 0.544270813 0.551957667 0.077614628 0.059093792
3 0.270297915 0.363878459 0.186825767 0.410381079
4 0.395953655 0.368679166 0.125245810 0.128907993
0 0.744479179 0.519518077 0.051886398 0.069896594
0 0.579249978 0.362413198 0.053975742 0.071400322
