9 0.636130214 0.677691638 0.120805502 0.160638437
8 0.368133336 0.283120841 0.106949829 0.187588662
11 0.290658325 0.482721537 0.086905576 0.123699509
10 0.541640639 0.110274307 0.044400055 0.063337110
6 0.391628653 0.756631970 0.078990258 0.220911235
7 0.165578127 0.381967366 0.034423351 0.045616098
1 0.253056765 0.650090277 0.368757129 0.283816606
12 0.130756244 0.529016674 0.045208145 0.105628699
5 0.504935920 0.333714575 0.152870700 0.169174612
2 0.700901031 0.420625001 0.144480541 0.663910210
4 0.487066656 0.739604175 0.039773386 0.166436568
0 0.573249996 0.430448622 0.045419175 0.065786682
3 0.293067187 0.141143754 0.287248254 0.292620450
