9 0.206177607 0.332515270 0.114257991 0.165298194
9 0.682755232 0.328112513 0.118389644 0.154390305
11 0.524572909 0.149614587 0.090747595 0.119547762
11 0.416051567 0.661102772 0.087556444 0.121965304
12 0.586828113 0.338258326 0.073089994 0.075517021
10 0.462449491 0.423119456 0.047622085 0.067454472
10 0.358888537 0.207856253 0.045056105 0.060356591
12 0.245102078 0.572965264 0.074623905 0.035548210
0 0.596692681 0.571874976 0.051793654 0.069869891
0 0.354203641 0.467439592 0.047674697 0.067435183
