10 0.768036485 0.475625008 0.052136343 0.062103748
10 0.595692694 0.825625002 0.052772682 0.064827338
9 0.288457811 0.647827089 0.114420533 0.159484327
11 0.824708343 0.672259748 0.094281353 0.111918822
11 0.187087506 0.319056958 0.090829052 0.121697478
5 0.702906251 0.233125001 0.100060783 0.216892362
9 0.549598932 0.341874987 0.126198009 0.152052715
6 0.481111467 0.382599294 0.167199299 0.146063089
6 0.745223939 0.863097250 0.167109892 0.144252032
1 0.533567727 0.511874974 0.372594804 0.228294164
5 0.220941663 0.469375014 0.171644881 0.124420963
2 0.531562507 0.776875019 0.436746120 0.466451436
2 0.454408854 0.155625001 0.500092924 0.232246399
1 0.144789577 0.675625026 0.233807757 0.481798291
