9 0.488429695 0.714458346 0.120449983 0.154552728
8 0.821421862 0.568672240 0.131604746 0.184216231
11 0.353704691 0.197588891 0.090347134 0.108297497
8 0.343010426 0.790395856 0.090985298 0.170959890
5 0.746208310 0.566056252 0.059770424 0.202941358
7 0.456122398 0.878131926 0.032506626 0.045431878
7 0.394769281 0.518897891 0.032807667 0.042459384
12 0.696458340 0.485420823 0.032426119 0.097487241
6 0.502433360 0.092602082 0.164688155 0.168288544
3 0.538281262 0.297520846 0.312613964 0.132076681
10 0.606645823 0.618761122 0.048034985 0.059941079
6 0.340881765 0.607658327 0.156357527 0.175900087
2 0.355348945 0.445125699 0.494358778 0.253676057
5 0.674776018 0.191665277 0.146453783 0.174938589
1 0.218138546 0.283930570 0.185079291 0.486322284
0 0.564786434 0.520111084 0.053575594 0.073100723
4 0.308404684 0.684727788 0.128384307 0.111620001
