10 0.631807268 0.658191681 0.046553850 0.062852859
10 0.541697919 0.775590301 0.046659749 0.062312763
9 0.084317185 0.425656259 0.123023368 0.164282590
11 0.451005220 0.684373617 0.088673435 0.119587421
9 0.663828135 0.323125005 0.121113420 0.159392253
11 0.818942726 0.299112499 0.090176500 0.122868806
6 0.660979152 0.800694466 0.123144232 0.219540700
1 0.518536985 0.159374997 0.371100217 0.118629061
2 0.712927103 0.436874986 0.499710560 0.226300955
1 0.433366656 0.483125001 0.384946972 0.119559921
5 0.268035948 0.290625006 0.139708146 0.209068313
6 0.211274475 0.421778470 0.055441875 0.210520431
2 0.277054161 0.760625005 0.485554844 0.325007856
5 0.825151026 0.688125014 0.162020519 0.078115195
