9 0.817442715 0.477547228 0.122146688 0.152536809
11 0.481175005 0.605101407 0.088721551 0.122951351
8 0.613432288 0.487810403 0.094200611 0.174155265
7 0.507160962 0.751333356 0.033927083 0.045100052
3 0.348493755 0.459238201 0.102118649 0.418410659
10 0.430722386 0.367316663 0.044804018 0.064375982
1 0.605072916 0.196781948 0.369639486 0.254699975
12 0.559557319 0.346247226 0.067879759 0.094667464
6 0.747286439 0.317674994 0.151777104 0.196312159
2 0.742572904 0.775618076 0.465069443 0.361320138
0 0.585468769 0.648906946 0.049514174 0.068307191
5 0.364016145 0.721062481 0.156733945 0.090203233
4 0.427945822 0.501709044 0.111951746 0.150712803
