10 0.352412492 0.673606277 0.045927346 0.062717438
9 0.234417185 0.657606244 0.116038583 0.162495196
11 0.654041648 0.772541642 0.089089990 0.122196883
12 0.415330738 0.583124995 0.036012769 0.105565757
0 0.568078101 0.607215285 0.053495247 0.075861134
7 0.361441135 0.483132631 0.036126774 0.051783774
4 0.132765621 0.479375005 0.060898263 0.176559269
8 0.278056264 0.463124990 0.111363031 0.187459365
5 0.686874986 0.368124992 0.135560796 0.211544961
1 0.657817721 0.575625002 0.296589941 0.425531268
2 0.417334884 0.274374992 0.488859653 0.327681899
3 0.795088530 0.414375007 0.229222611 0.382969052
6 0.447267711 0.430194438 0.077229738 0.220126078
