9 0.252298445 0.720173597 0.112326182 0.157814503
8 0.688234389 0.746743083 0.122706056 0.183941528
11 0.549916685 0.577137470 0.085074902 0.118586645
10 0.305516154 0.900215268 0.047902346 0.060140397
7 0.158186466 0.343118042 0.032941084 0.043433324
2 0.705671847 0.301701397 0.500769675 0.082138352
5 0.481581777 0.826298594 0.102355562 0.215689287
4 0.795854151 0.589460433 0.127737924 0.073447600
3 0.087947920 0.572335422 0.127308205 0.411619067
12 0.211888537 0.471819431 0.073653020 0.050912380
6 0.398180723 0.528437495 0.112703167 0.215282023
1 0.396292716 0.223124996 0.310907930 0.412141621
0 0.234225005 0.209615976 0.044405561 0.064665452
