9 0.515119791 0.529732645 0.112038136 0.155063942
8 0.355685413 0.728305578 0.138916090 0.169577599
11 0.719552100 0.434666663 0.089932047 0.121284828
10 0.444939584 0.639190972 0.046565652 0.063470155
8 0.429415613 0.548404157 0.137593150 0.148707017
6 0.693302095 0.637080550 0.164414808 0.162102491
7 0.604031265 0.195902780 0.033813953 0.045815535
6 0.641380191 0.696444452 0.136613414 0.202391684
7 0.431350529 0.819465280 0.034193080 0.042465527
5 0.476715118 0.277990282 0.128205135 0.204038978
0 0.658421874 0.839930534 0.036856849 0.056094274
1 0.585223973 0.603281260 0.352286100 0.299749255
2 0.472192705 0.209310412 0.462586433 0.380281091
3 0.301183850 0.380752087 0.254221708 0.349035382
5 0.514919817 0.813548625 0.111723505 0.204380035
12 0.389220327 0.290325701 0.071615733 0.089737177
4 0.240330726 0.504367352 0.106435977 0.155092165
