8 0.744682312 0.481649995 0.080375038 0.164385796
8 0.246110931 0.890736103 0.116404496 0.187178195
3 0.117960416 0.284442365 0.129195437 0.420158148
7 0.551093757 0.556947231 0.037575919 0.047726844
12 0.247247398 0.588194430 0.045128625 0.100748487
7 0.583328128 0.543618739 0.032094479 0.044948418
3 0.707781255 0.130031943 0.307643145 0.270912826
12 0.549197912 0.816034734 0.077140808 0.067438550
0 0.454715103 0.875763893 0.050087690 0.069754601
4 0.161799476 0.786340296 0.126091525 0.140076265
4 0.369757295 0.276196539 0.125040784 0.119639292
0 0.327293754 0.434013188 0.053294640 0.068917193
