8 0.269541681 0.781743050 0.131962016 0.178842857
8 0.737770855 0.710590303 0.133646652 0.138627365
7 0.369632304 0.782875001 0.032901406 0.043868594
12 0.237503648 0.630372226 0.025881648 0.094943255
7 0.369053632 0.389580548 0.034846466 0.045898385
12 0.603942692 0.773999989 0.075340189 0.065533161
3 0.600703120 0.375625014 0.293351889 0.272158623
3 0.207915619 0.385625005 0.237841532 0.365400910
4 0.400568753 0.248043060 0.116059147 0.140754417
4 0.330160409 0.564374983 0.118220009 0.134311572
0 0.502004683 0.786402762 0.047696311 0.065632768
0 0.555671871 0.608532667 0.051544387 0.067782722
