9 0.416317195 0.198193058 0.120603681 0.152492866
9 0.113509893 0.422694445 0.123053633 0.150800169
11 0.311992198 0.522847235 0.089293920 0.122404471
5 0.114091143 0.685567379 0.059233326 0.208281100
11 0.502399981 0.750368059 0.089977823 0.120325193
6 0.256011993 0.209374994 0.153818652 0.195091993
10 0.617734373 0.226875007 0.051152468 0.061933532
2 0.725953102 0.610625029 0.486839294 0.083461814
10 0.416332811 0.898124993 0.050520856 0.066805571
1 0.694890618 0.126874998 0.369435191 0.153800249
2 0.637776017 0.414375007 0.506994784 0.129293889
6 0.644791663 0.820625007 0.170375988 0.183084756
5 0.678859353 0.843124986 0.157537982 0.171434611
1 0.304108322 0.755625010 0.299713403 0.418858737
