9 0.851848960 0.553777754 0.121247612 0.153003052
8 0.635432303 0.851909697 0.102261186 0.178999633
11 0.762661457 0.515201390 0.089119114 0.118825756
7 0.403100520 0.660655558 0.033866327 0.045089193
6 0.523255229 0.600504160 0.155104354 0.188505381
5 0.449199468 0.416865289 0.153584242 0.084093176
2 0.422708869 0.765993059 0.483131260 0.322624832
0 0.439556777 0.520301402 0.035299778 0.053511992
1 0.668703139 0.624220133 0.228305414 0.456905991
10 0.507531226 0.234358341 0.047021706 0.062398501
3 0.421342701 0.260625005 0.256525517 0.347385526
12 0.596703112 0.268590987 0.038596708 0.097833276
4 0.754796863 0.284936816 0.128199577 0.080098204
