9 0.375558347 0.396953464 0.108056806 0.157152548
9 0.548354149 0.253684729 0.109487653 0.158344284
11 0.736072898 0.384871542 0.092848539 0.107782096
11 0.436486453 0.863284707 0.082355894 0.120909005
0 0.445990115 0.580361128 0.044431567 0.064433999
10 0.366194785 0.727500021 0.045745891 0.062378246
12 0.572666645 0.562922895 0.059263308 0.095893756
10 0.715807319 0.599051416 0.047552187 0.062500902
12 0.302272916 0.594937503 0.075006783 0.056923177
0 0.616666675 0.751666665 0.032564599 0.050042152
