8 0.309324473 0.695618033 0.082770802 0.168201551
8 0.746255219 0.592503488 0.132785484 0.187496498
7 0.573177099 0.481864572 0.035027344 0.045737531
3 0.506301582 0.728187501 0.113263689 0.418667853
7 0.592218757 0.693971515 0.034308434 0.045989830
3 0.603718758 0.267600685 0.139529541 0.416072249
12 0.777776062 0.391976386 0.061926048 0.098891683
4 0.368225515 0.152823612 0.118182622 0.150517911
12 0.413277090 0.602595150 0.038655955 0.101569600
0 0.266843230 0.358706951 0.048635524 0.059085209
4 0.436338544 0.330734015 0.126008198 0.131375626
0 0.194008335 0.476046532 0.047734022 0.068637423
