9 0.294347405 0.735659719 0.113808312 0.157827109
8 0.532500029 0.611386776 0.111768641 0.183122098
11 0.522249997 0.246136114 0.089230262 0.118909888
7 0.434714049 0.354021519 0.034011323 0.045348328
10 0.824494779 0.589804888 0.052339554 0.061755020
1 0.350200534 0.425624996 0.176297113 0.492056012
5 0.331977069 0.886548638 0.150497377 0.174764797
3 0.708328128 0.452540278 0.189630747 0.394702762
12 0.563645840 0.801465273 0.063406825 0.093494840
6 0.217161983 0.526722908 0.160005078 0.174994096
4 0.690510392 0.740444422 0.123357259 0.111535072
0 0.765453100 0.807326376 0.034603756 0.055946987
2 0.820140600 0.306874990 0.328612953 0.583128929
