8 0.348135412 0.196977079 0.093634188 0.175014868
8 0.789765596 0.218628466 0.121337414 0.098281197
7 0.627921879 0.618190289 0.034662444 0.044123437
3 0.157254159 0.732131958 0.088024102 0.413675576
7 0.269738555 0.362492353 0.034664512 0.045203157
12 0.511568725 0.766263902 0.073328339 0.083724603
3 0.791062474 0.422825694 0.307933241 0.248526573
12 0.329095840 0.758854151 0.057678264 0.100403786
4 0.505210400 0.396593750 0.082187019 0.170623839
4 0.364950001 0.495595843 0.128479674 0.082934223
0 0.532812476 0.627195835 0.046462934 0.053763602
0 0.789541662 0.598688185 0.045628149 0.050190024
