7 0.517033875 0.400000006 0.035208344 0.042110629
7 0.361723423 0.795624971 0.032395840 0.042110708
1 0.293085933 0.479375005 0.268270761 0.454248428
1 0.612723947 0.688125014 0.097926892 0.503327072
2 0.467434883 0.815625012 0.486333936 0.330547214
2 0.530562520 0.651875019 0.279392689 0.619269609
3 0.540583313 0.275624990 0.245933607 0.370693535
3 0.577656269 0.744374990 0.116591178 0.419768333
4 0.548598945 0.509374976 0.089570798 0.177390337
4 0.401302606 0.455624998 0.127979919 0.125940502
5 0.359218240 0.215625003 0.089991547 0.215648383
5 0.365230203 0.463124990 0.095414080 0.213398114
6 0.469439059 0.368124992 0.164710119 0.116480298
6 0.555609345 0.660624981 0.098339878 0.216962814
8 0.699901044 0.485624999 0.134403229 0.133867577
8 0.302104175 0.240624994 0.130564764 0.191015244
