9 0.820640624 0.727500021 0.113510370 0.158266649
9 0.226954162 0.189999998 0.121458344 0.166359022
11 0.151803643 0.398124993 0.090520836 0.120934725
11 0.235470831 0.634374976 0.092395820 0.114254847
10 0.290581256 0.346875012 0.045520842 0.060814671
10 0.448396862 0.547500014 0.048333365 0.059478655
0 0.385270327 0.431874990 0.050874751 0.071040899
0 0.411322385 0.794375002 0.051974256 0.068661742
12 0.350286990 0.624095142 0.075127997 0.059600301
12 0.678067684 0.345519453 0.072723985 0.077380210
