9 0.139007807 0.848451376 0.123680972 0.153737172
9 0.331059366 0.568111777 0.117169917 0.159364492
11 0.316227078 0.808041692 0.090602815 0.116440669
11 0.194198444 0.229727775 0.095373653 0.115056358
10 0.200443223 0.422683328 0.044686079 0.061113492
10 0.432739049 0.293011099 0.047354657 0.057719070
0 0.327591658 0.357087493 0.034004111 0.055840440
12 0.115148962 0.431631237 0.072364084 0.081300072
12 0.313476562 0.208916664 0.071564816 0.033871159
0 0.166833848 0.611874998 0.045328319 0.064227581
