10 0.139557809 0.179984033 0.047572870 0.062046953
10 0.569427073 0.842597246 0.046344597 0.061799314
9 0.490480721 0.648124993 0.120483756 0.150740251
9 0.842124999 0.491654158 0.112275042 0.161482736
11 0.393995315 0.824874997 0.087393202 0.120716728
11 0.759750009 0.230522215 0.091664709 0.114467926
5 0.657817721 0.790624976 0.091669165 0.218289793
6 0.397415102 0.538079858 0.129962444 0.218717515
6 0.102880210 0.433431953 0.124487497 0.221249893
1 0.907312512 0.273124993 0.197357178 0.481735021
2 0.730963528 0.675625026 0.445709556 0.401721060
1 0.278056264 0.381875008 0.248495102 0.457614303
5 0.638270855 0.343899310 0.115786232 0.209263861
2 0.372244269 0.401874989 0.351822406 0.569450617
