9 0.363495827 0.799472213 0.121441029 0.153705224
9 0.503310442 0.393670827 0.117534719 0.159544200
8 0.671406269 0.668258309 0.079806171 0.164122269
11 0.254611969 0.463211805 0.088249505 0.120543212
11 0.414992183 0.593699992 0.087675177 0.121813565
10 0.304399997 0.895659745 0.046720345 0.064474314
10 0.241339058 0.645611107 0.046463650 0.060566001
7 0.386359364 0.411545843 0.034372646 0.045830172
2 0.293573946 0.558952749 0.189594373 0.661279500
12 0.587552071 0.529888213 0.074800812 0.061806254
3 0.410205722 0.069765970 0.310053498 0.118484631
12 0.407852083 0.118697919 0.074603759 0.067536712
5 0.194005728 0.445913881 0.143545970 0.197047606
1 0.228888541 0.361521542 0.330376834 0.383124650
0 0.610723972 0.359375000 0.048717339 0.068562508
0 0.433639050 0.903243065 0.041694481 0.061461553
6 0.525765598 0.809361100 0.113602400 0.219460070
4 0.227444798 0.083625004 0.131768361 0.110186845
