9 0.400247395 0.647975683 0.119010448 0.143688202
9 0.437875509 0.151250005 0.114556231 0.160769433
11 0.761807263 0.439241678 0.090804182 0.116069451
11 0.673520863 0.683435440 0.089975439 0.111478485
10 0.541901052 0.456508338 0.044985175 0.062737413
10 0.405034900 0.346312493 0.046000082 0.061805565
12 0.256188035 0.435324311 0.075088739 0.066785812
12 0.558937490 0.790750027 0.044313192 0.100431763
0 0.790875018 0.254960418 0.046088774 0.051400397
0 0.663380206 0.176708341 0.048035622 0.066797763
