10 0.276369780 0.731270850 0.055684268 0.062997185
10 0.128242195 0.484671533 0.048585963 0.064392194
11 0.765031278 0.465624988 0.088379540 0.120606080
9 0.427287489 0.272515982 0.112015128 0.155395925
9 0.335377604 0.518056273 0.114923358 0.158772647
11 0.178705722 0.250240982 0.090915620 0.115359701
1 0.664828122 0.356875002 0.347316533 0.332029402
1 0.459418744 0.733124971 0.144014791 0.500084162
6 0.379015625 0.766395807 0.103097282 0.222816631
5 0.626755238 0.455624998 0.151311442 0.193653002
2 0.750999987 0.628125012 0.488390535 0.293724269
5 0.527458310 0.109388888 0.083128370 0.221108168
6 0.648796856 0.166875005 0.166258454 0.194817573
2 0.252004176 0.355625004 0.212276414 0.671977043
