9 0.246016666 0.648361087 0.124904074 0.165166751
9 0.662958324 0.676428497 0.111758590 0.158935383
8 0.541734397 0.697847247 0.072759353 0.159936160
11 0.185790107 0.369559735 0.093484022 0.116441913
11 0.463119805 0.649434745 0.087117195 0.116156310
2 0.250863016 0.553684056 0.502919197 0.216969430
12 0.360010952 0.692833304 0.034391124 0.098817296
1 0.659057319 0.567278445 0.366162896 0.096976124
5 0.248068228 0.249472216 0.164065585 0.129423320
10 0.335542709 0.872951388 0.048983138 0.064103231
3 0.479663551 0.310955554 0.311638683 0.227660760
10 0.286305219 0.423815966 0.046845376 0.060210068
4 0.387441158 0.139256254 0.041391294 0.164491996
6 0.389498442 0.849784732 0.134521797 0.210966527
12 0.343735933 0.119147919 0.073100828 0.075530335
0 0.268497914 0.782777786 0.046421248 0.064499006
0 0.412158847 0.605353475 0.033765476 0.054431599
7 0.519038022 0.549374998 0.029687524 0.040193558
