9 0.473057300 0.432725698 0.109790087 0.162030861
8 0.685192704 0.411552787 0.075237632 0.162838727
11 0.562916696 0.827763915 0.090159297 0.117624387
10 0.682083309 0.647993028 0.047553498 0.060436144
7 0.540520847 0.690222919 0.033733051 0.045474213
12 0.520015121 0.588325024 0.080700874 0.074906349
6 0.487084895 0.171018049 0.117001139 0.217750132
2 0.201361462 0.611750007 0.171955809 0.657729805
0 0.299316674 0.499522209 0.040884811 0.059246223
1 0.343477070 0.406067371 0.155989408 0.499370724
3 0.811593771 0.244454160 0.146215603 0.416166455
5 0.433509886 0.789993048 0.107982874 0.211999252
4 0.592322946 0.231615975 0.076330580 0.173970327
