8 0.444388539 0.559374988 0.107635416 0.184709132
2 0.410320848 0.349375010 0.504634440 0.147968128
2 0.562624991 0.458124995 0.506592512 0.100616112
5 0.623749971 0.543124974 0.139231279 0.194757149
6 0.204909891 0.740625024 0.152142227 0.194661558
7 0.339785427 0.419901401 0.037697494 0.048301432
1 0.237976044 0.550625026 0.256898195 0.472465932
1 0.346192181 0.601875007 0.352751642 0.309445113
3 0.683869779 0.626874983 0.213594839 0.379238755
3 0.588677108 0.530624986 0.260953546 0.336357236
4 0.352272928 0.550241649 0.122245789 0.104022078
5 0.411322922 0.444375008 0.156054214 0.139965937
4 0.316132277 0.385625005 0.120045960 0.097840123
8 0.599697888 0.879374981 0.087646998 0.170069531
7 0.724947929 0.624374986 0.036592960 0.042024877
6 0.421342701 0.478125006 0.155839756 0.127283409
