10 0.651088536 0.403071523 0.048213679 0.063567109
10 0.572348952 0.294196516 0.047536295 0.067158595
11 0.891281247 0.451875001 0.097368635 0.119824886
9 0.673239589 0.752756953 0.121511064 0.147022620
11 0.488968760 0.620164573 0.088798799 0.119578205
9 0.377419263 0.764840305 0.120598555 0.152198851
6 0.269172907 0.299767375 0.164764240 0.154042855
1 0.783067703 0.556874990 0.169027880 0.496996939
1 0.115731247 0.553125024 0.136400431 0.503784299
5 0.414328635 0.496874988 0.164535329 0.152367055
6 0.588802099 0.430845827 0.107394062 0.222127333
5 0.394005716 0.148895144 0.162656114 0.182594955
2 0.247995839 0.578125000 0.355338722 0.577630699
2 0.689880192 0.204374999 0.490161270 0.276699066
