9 0.832166672 0.444375008 0.115104198 0.153472245
1 0.398023427 0.388850003 0.207431197 0.477350712
6 0.594718754 0.093754858 0.156369567 0.177932978
2 0.528557301 0.668124974 0.143723443 0.665438354
2 0.680859387 0.234375000 0.492778569 0.211928025
1 0.146093756 0.680555582 0.081841923 0.499791890
6 0.377323955 0.677297235 0.108640552 0.232289791
5 0.803463519 0.795138896 0.101127148 0.214569941
5 0.661682308 0.917645812 0.163008019 0.150928438
11 0.647296846 0.789375007 0.088645779 0.127615348
11 0.276553124 0.775624990 0.088645816 0.127615243
10 0.267534882 0.618749976 0.052083332 0.066158667
10 0.788578153 0.563125014 0.051145792 0.066158667
9 0.193888023 0.264999986 0.117708348 0.171703473
