9 0.441896349 0.174340978 0.111362301 0.163967267
9 0.374107301 0.530720830 0.120572031 0.142643869
11 0.603104174 0.651739597 0.091633201 0.115978137
11 0.474005222 0.459450692 0.092254639 0.107298404
8 0.802276015 0.485758334 0.136791065 0.153446749
7 0.516616166 0.601116657 0.034136534 0.042220328
6 0.406539589 0.385640264 0.162436441 0.153758422
10 0.683630228 0.522921503 0.046147425 0.061310291
2 0.256039053 0.334410429 0.211570755 0.653400421
10 0.498333842 0.333534718 0.047764700 0.062055271
1 0.606041670 0.293631256 0.101570129 0.502509892
12 0.666343749 0.351163894 0.075159751 0.078139119
0 0.696072936 0.409111798 0.044391632 0.059169795
5 0.684968770 0.141045839 0.100170933 0.211657971
12 0.791249990 0.153027087 0.072489105 0.044233851
4 0.795020819 0.191078469 0.125023201 0.107337818
3 0.795302093 0.614464581 0.273542136 0.314590812
0 0.797989607 0.394752771 0.047952015 0.067138143
