9 0.182989061 0.434806257 0.121387959 0.152273998
9 0.625286460 0.795736134 0.119714022 0.157721251
11 0.845598936 0.555805564 0.090133190 0.118220598
6 0.342964590 0.709152758 0.081073165 0.225663558
11 0.695338547 0.074202776 0.090548433 0.125860557
10 0.696880221 0.480139583 0.045568388 0.058240097
6 0.619109392 0.638767362 0.139526486 0.212410346
5 0.439742178 0.437937498 0.161042854 0.132308006
10 0.089196354 0.440415978 0.049282651 0.061963186
1 0.850802064 0.236656249 0.201547787 0.484211802
2 0.368036449 0.317098618 0.306709915 0.621136844
1 0.473177075 0.240277782 0.377604097 0.083611161
5 0.298958331 0.882638872 0.144471839 0.192629129
2 0.596692681 0.473125011 0.345668167 0.576448739
