9 0.379258335 0.331874996 0.120520853 0.155670822
9 0.570140600 0.543124974 0.116770901 0.154334709
11 0.516032279 0.838124990 0.090520859 0.114254847
11 0.600197911 0.121875003 0.094270788 0.120293751
10 0.792083323 0.244375005 0.051145792 0.067494720
10 0.821645856 0.800000012 0.044583321 0.066158667
12 0.712927103 0.680625021 0.070613466 0.091309547
12 0.354350001 0.587577105 0.073544003 0.072243370
0 0.727958322 0.454374999 0.051157553 0.064445548
0 0.901406229 0.929715276 0.037330627 0.057490986
