7 0.566635430 0.514374971 0.034270883 0.048790615
7 0.349198431 0.879374981 0.034270823 0.046118576
1 0.668838561 0.856875002 0.366687387 0.191236496
1 0.390280724 0.499374986 0.285373718 0.436642259
2 0.835171878 0.534375012 0.248268604 0.630187035
2 0.357214570 0.519375026 0.287466258 0.616961420
3 0.551604152 0.731875002 0.312655419 0.119995438
3 0.665833354 0.284375012 0.172372386 0.403048575
4 0.473446876 0.499374986 0.105058156 0.154445574
4 0.482465118 0.834375024 0.051771123 0.170704842
5 0.831161439 0.658124983 0.091723837 0.207412407
5 0.638776064 0.214375004 0.124347210 0.207040846
6 0.357214570 0.689374983 0.161614060 0.140589446
6 0.593687475 0.396874994 0.108162127 0.219173744
8 0.762026012 0.670624971 0.141022846 0.156917632
8 0.786072910 0.760625005 0.105761446 0.181805402
