9 0.309415102 0.604144454 0.119003475 0.162164584
8 0.661333323 0.485929161 0.123619877 0.186004266
11 0.609489560 0.673777759 0.088863611 0.119642206
6 0.367672920 0.830020845 0.068598866 0.219555214
10 0.508061469 0.460427791 0.045607645 0.060658138
7 0.382528126 0.390476376 0.033552092 0.045066252
3 0.188285410 0.399144441 0.102612376 0.416968763
12 0.479192704 0.658286810 0.032473844 0.100033656
5 0.455323428 0.792937517 0.131768465 0.203982085
0 0.796479166 0.711673617 0.035876114 0.054932170
2 0.606750011 0.274256945 0.422592193 0.487809300
1 0.151446357 0.756277800 0.285051554 0.435840458
4 0.399274468 0.227825701 0.133065537 0.085583091
