10 0.687874973 0.569374979 0.051793933 0.063872233
10 0.522546887 0.271874994 0.048916738 0.070549488
9 0.766031265 0.891875029 0.127525806 0.159500867
9 0.391282827 0.675625026 0.124139942 0.159089252
5 0.318136454 0.290625006 0.098548986 0.218488857
11 0.549265623 0.646412492 0.086999178 0.123080149
11 0.214838028 0.579047203 0.087252259 0.122200221
5 0.629802108 0.804013908 0.080423437 0.211425945
1 0.457414597 0.578125000 0.159410238 0.500099421
6 0.774046898 0.703125000 0.169445828 0.157215014
2 0.169839576 0.320625007 0.327525049 0.599828780
6 0.592567682 0.470495820 0.099334680 0.223859102
1 0.303106248 0.820625007 0.372705132 0.228752822
2 0.713927090 0.365624994 0.366823107 0.565949023
