9 0.416440099 0.494230568 0.122879349 0.148628265
8 0.256343216 0.910145819 0.079822697 0.163731098
11 0.428831249 0.219479173 0.091863632 0.115881205
6 0.298631757 0.632452071 0.159727260 0.178897545
7 0.410319805 0.693634033 0.034040529 0.044006452
10 0.603619814 0.234762505 0.047203779 0.063646063
5 0.700869799 0.430556953 0.108847819 0.215567142
3 0.154572919 0.467013896 0.090159453 0.497828603
4 0.457608849 0.872111082 0.038209599 0.167165697
12 0.243623435 0.448089570 0.044537742 0.100765914
2 0.736781240 0.099112503 0.492836505 0.090628132
0 0.331775516 0.270928472 0.037954867 0.059541013
3 0.635072887 0.704840302 0.174139336 0.399292886
