8 0.749265611 0.235577077 0.143723965 0.186041862
8 0.183186978 0.557097912 0.129148781 0.120451078
6 0.572234392 0.398977786 0.070132174 0.209293708
7 0.656156242 0.769569457 0.033862550 0.045150068
5 0.735921860 0.422028482 0.154668525 0.120231681
1 0.829406261 0.713659704 0.140234873 0.490106583
5 0.591671884 0.557372928 0.152687550 0.081535921
4 0.663166642 0.089925691 0.123173475 0.058883999
7 0.458307803 0.413280547 0.033168674 0.041366152
4 0.518129170 0.775194466 0.128073379 0.082066484
1 0.286668241 0.292743742 0.351388425 0.314188749
2 0.239980206 0.245625004 0.449257374 0.432387203
2 0.284068227 0.746874988 0.440467238 0.447822899
3 0.295090109 0.608124971 0.280418158 0.319816053
3 0.638776064 0.236874998 0.298943788 0.248687297
6 0.486472905 0.286875010 0.121540748 0.214549974
