9 0.665026069 0.202648610 0.118442930 0.161796913
9 0.441231757 0.739763916 0.112286210 0.162183180
8 0.374267191 0.543583333 0.135596439 0.180806473
11 0.287879169 0.710624993 0.088143252 0.121685453
11 0.374381244 0.104947917 0.089528061 0.120679483
10 0.611588538 0.539350688 0.047689278 0.062277105
10 0.244698957 0.401148617 0.047332328 0.064139605
7 0.511686981 0.303483337 0.032698434 0.043519072
6 0.496358335 0.116631247 0.141361281 0.204286277
12 0.692072928 0.553624332 0.051062822 0.099406511
12 0.333516657 0.178104863 0.076016627 0.069609746
5 0.199165627 0.610943079 0.134972319 0.208092526
0 0.667802095 0.781861126 0.035131931 0.052338284
1 0.696916640 0.366355568 0.373010993 0.214269102
2 0.251536459 0.497742355 0.493840218 0.295051783
3 0.312680721 0.222823605 0.278277546 0.320615560
0 0.137405723 0.250260413 0.050910234 0.065081134
4 0.553046882 0.659149289 0.084074415 0.167952001
