8 0.380044281 0.584444463 0.095902480 0.174853802
8 0.429148436 0.849256933 0.138776734 0.161401585
6 0.733364582 0.540858328 0.157704279 0.088887371
6 0.315130204 0.733124971 0.066438161 0.216685191
5 0.314380199 0.283962488 0.156264082 0.120343789
1 0.438748449 0.457028478 0.371550411 0.185120746
7 0.485564053 0.217348605 0.032468956 0.041113693
2 0.729328096 0.638211131 0.501614034 0.159235895
2 0.202905729 0.528124988 0.120454907 0.669077575
5 0.790651023 0.384172916 0.159336731 0.149353579
7 0.579802096 0.801500022 0.031733114 0.043817043
1 0.740984380 0.308124989 0.309104651 0.405739635
3 0.609718740 0.208124995 0.233904362 0.362413466
3 0.681864560 0.776875019 0.290719271 0.270261347
4 0.376252592 0.935625017 0.121599399 0.127882421
4 0.867234349 0.534375012 0.125387430 0.093300499
