9 0.222755209 0.445503473 0.122541361 0.142686948
8 0.538661480 0.674197197 0.120042644 0.100694448
11 0.721145809 0.126404867 0.091919266 0.114077248
8 0.304607809 0.246174306 0.076992892 0.112272583
6 0.382187486 0.334940970 0.098023653 0.219821960
6 0.400521368 0.497299314 0.162943318 0.094329201
10 0.515330732 0.590680540 0.048842747 0.070030056
1 0.477145314 0.155037507 0.371213317 0.195168287
7 0.691317737 0.499288887 0.035567205 0.045981511
4 0.480524480 0.576612473 0.051187277 0.169074059
12 0.569828153 0.591547906 0.030507088 0.097717181
5 0.707499981 0.736881971 0.160151958 0.120155282
3 0.259128660 0.770555556 0.194493756 0.401365489
7 0.537598968 0.631544471 0.032154400 0.041297488
0 0.307596356 0.056998610 0.051467478 0.068194233
2 0.662026048 0.381243736 0.489442348 0.096341081
5 0.260451049 0.219488189 0.132661939 0.200191334
