8 0.758343756 0.621528447 0.086119734 0.171071053
8 0.251618743 0.759152770 0.099770188 0.177815646
12 0.382462502 0.696076393 0.075336613 0.078106031
7 0.416954160 0.492870152 0.033961374 0.045281783
7 0.629546881 0.545263171 0.034844875 0.045427747
3 0.537541687 0.199234024 0.310445935 0.184689790
12 0.203144789 0.567048609 0.057941873 0.104935013
3 0.621640623 0.401673615 0.307819098 0.097269744
4 0.472539574 0.604743063 0.067816459 0.170227841
0 0.589874983 0.657342374 0.048075754 0.055970296
0 0.333259374 0.485764593 0.053647477 0.071156345
4 0.261673450 0.392679155 0.128068805 0.100075908
