9 0.109218232 0.545000017 0.123227067 0.154372215
9 0.679171860 0.421877086 0.113905191 0.156702042
11 0.238622397 0.840875030 0.092187524 0.120138913
11 0.323146343 0.803749979 0.085609354 0.120138913
10 0.535828114 0.617163181 0.047395866 0.058804300
10 0.560890615 0.692699313 0.047395825 0.061935637
0 0.516767681 0.339257628 0.038250763 0.061059158
0 0.344188541 0.325625002 0.045816183 0.055791590
12 0.324874490 0.673295856 0.049409330 0.101059169
12 0.699083328 0.607578456 0.060361702 0.093351632
