9 0.843187511 0.511874974 0.123437561 0.141805544
11 0.357214570 0.402500004 0.089583315 0.115590997
10 0.834166646 0.341874987 0.047395784 0.064822756
7 0.546593726 0.881874979 0.032812476 0.041725740
7 0.482393742 0.541981220 0.032414436 0.041384060
0 0.529557288 0.409375012 0.051974297 0.068661794
12 0.701906264 0.066875003 0.030735493 0.100144796
2 0.451402605 0.429374993 0.432353497 0.438035786
1 0.599697888 0.594375014 0.173167154 0.488045812
3 0.559213519 0.240935415 0.311027020 0.120969430
4 0.570421875 0.558307648 0.109081782 0.130552977
5 0.820078135 0.268454850 0.156705618 0.158145025
5 0.747015595 0.746465266 0.093198143 0.207380399
6 0.455660403 0.689354837 0.115512252 0.212509796
6 0.364228636 0.158124998 0.160722077 0.161989212
8 0.816416681 0.121633336 0.133108065 0.131726414
8 0.674848974 0.741874993 0.116658054 0.184937894
