9 0.681864560 0.165000007 0.117187500 0.160555571
9 0.348361969 0.717423618 0.115827642 0.147916690
11 0.689703107 0.785013914 0.083642721 0.119902767
11 0.346679181 0.293114573 0.083802581 0.117697239
10 0.487638533 0.426474988 0.046646953 0.063359499
10 0.670843720 0.437500000 0.047395784 0.055652194
0 0.567864597 0.284539580 0.032843351 0.055378065
0 0.442518234 0.567499995 0.050604265 0.065267883
12 0.743671894 0.534281969 0.051221054 0.099951848
12 0.493671864 0.813895822 0.025584856 0.095078364
