10 0.478197902 0.202771530 0.047123194 0.064476304
10 0.205288023 0.811993062 0.047911447 0.065732211
11 0.352467716 0.855534732 0.088739276 0.117115654
9 0.533484399 0.498976380 0.116162457 0.150803834
9 0.398581237 0.336456954 0.114715897 0.152321339
6 0.589119792 0.738708317 0.124927603 0.218020916
11 0.460726559 0.651942372 0.092159353 0.115128994
6 0.685869813 0.409375012 0.098761559 0.230546549
1 0.300099999 0.373124987 0.239853576 0.473067284
2 0.423346877 0.473125011 0.354138106 0.577824473
5 0.456129164 0.732618034 0.159234762 0.156800747
2 0.743989587 0.488124996 0.162407041 0.669179380
1 0.622744799 0.449375004 0.101127468 0.499643654
5 0.487475008 0.424374998 0.149855971 0.196583197
