9 0.326203644 0.379954159 0.121967137 0.153809339
8 0.694249988 0.600910425 0.094243370 0.172736168
11 0.211666673 0.584749281 0.090124704 0.108313084
10 0.815703154 0.491035402 0.044775803 0.059744041
7 0.712864578 0.344788879 0.033709288 0.045425441
4 0.207644790 0.212902084 0.043887436 0.166242227
6 0.149783850 0.389350682 0.117660247 0.218566582
2 0.653244793 0.232481942 0.477213532 0.341887504
12 0.512735963 0.317127764 0.035597563 0.102478981
5 0.576260388 0.728541672 0.152780652 0.181005895
1 0.300720841 0.152658328 0.353362232 0.297995031
3 0.415304154 0.563288212 0.234056219 0.372250825
0 0.447366655 0.749263883 0.046743076 0.066149026
