9 0.326262504 0.478953481 0.120818637 0.151413038
11 0.448828131 0.322147220 0.082065344 0.118644983
8 0.533817708 0.734222233 0.099020958 0.175504476
7 0.393836975 0.771340251 0.034544546 0.045106571
5 0.353464067 0.248066664 0.136631846 0.198298484
6 0.512789607 0.470281959 0.100479685 0.218661442
2 0.828156233 0.388125002 0.092748798 0.667175174
10 0.399892718 0.624832630 0.045140028 0.058262400
3 0.229597911 0.574456930 0.174228862 0.407945246
0 0.615848958 0.346131951 0.051468175 0.067962460
12 0.690718770 0.602368772 0.071467638 0.077967852
4 0.614395857 0.496052086 0.085933685 0.166211903
1 0.619739592 0.201875001 0.346329600 0.320279658
