8 0.223986462 0.354723603 0.108310521 0.181002080
8 0.488740623 0.597432613 0.135907248 0.149478704
6 0.501630723 0.110104166 0.154857799 0.077571414
7 0.239086986 0.611311793 0.034010250 0.045386475
5 0.371693760 0.422565281 0.088615894 0.211703435
6 0.599218726 0.483840287 0.157666683 0.171902120
1 0.633817732 0.337456256 0.368797421 0.228578404
2 0.463187486 0.675643027 0.481934637 0.317331105
3 0.413697392 0.398359716 0.179778859 0.406397372
3 0.284957826 0.359702766 0.157490686 0.412602037
2 0.691770852 0.584267378 0.419239849 0.481034696
7 0.690354168 0.670986116 0.035304625 0.046406746
5 0.521802068 0.721249998 0.149309590 0.158332825
1 0.741723955 0.689949334 0.199952602 0.469269067
4 0.698895812 0.516875029 0.120080553 0.129426420
4 0.195921868 0.348743737 0.092786260 0.157704324
