9 0.787302077 0.399570823 0.120456301 0.153672591
9 0.242261454 0.322465986 0.121702574 0.159414604
11 0.420990109 0.613609016 0.087633051 0.122144543
8 0.629536450 0.745798588 0.117522873 0.185349882
11 0.363813549 0.485295147 0.090524577 0.109884076
10 0.662333310 0.444543749 0.049702525 0.066486120
10 0.551906228 0.402854174 0.045291424 0.062757306
12 0.523796856 0.674309015 0.059713881 0.096111670
6 0.436681241 0.776979148 0.144301578 0.200368240
4 0.423810929 0.273704171 0.109331369 0.151682720
5 0.576250017 0.288971514 0.155565336 0.085493483
12 0.490765631 0.810951412 0.074970722 0.053354792
1 0.579442680 0.570259750 0.346145004 0.335285783
7 0.432050526 0.494374990 0.031466920 0.046662860
3 0.172132298 0.697208345 0.216820642 0.393399030
0 0.349110931 0.359297216 0.051231980 0.068015657
2 0.288284898 0.633668065 0.108494855 0.668273687
0 0.165343225 0.803479195 0.044368666 0.060292985
