10 0.354730725 0.527488172 0.047245841 0.063828416
10 0.467914075 0.436761111 0.047616560 0.065291934
9 0.438059390 0.238190278 0.121750869 0.150896102
11 0.317639053 0.344270140 0.089648448 0.124305144
9 0.458712488 0.669737518 0.116774403 0.159189433
11 0.557921886 0.843750000 0.090718664 0.120794564
5 0.765031278 0.385625005 0.166760519 0.142182350
5 0.395290613 0.863125026 0.135919884 0.211397111
2 0.583666682 0.625625014 0.461204141 0.421452731
6 0.696614563 0.139052778 0.077347279 0.222279966
1 0.231964067 0.331874996 0.212183237 0.495745450
2 0.291082293 0.706875026 0.495218128 0.304209650
6 0.627755225 0.428124994 0.156618789 0.199971542
1 0.670843720 0.413125008 0.228620693 0.468684554
