9 0.287612498 0.184259027 0.121405661 0.159082443
8 0.465857804 0.692263186 0.094314657 0.176388532
11 0.882192731 0.557838917 0.088467836 0.119283997
7 0.483167708 0.417831242 0.033961773 0.043897972
6 0.316521347 0.563707650 0.168229386 0.146249712
5 0.934447944 0.651124299 0.073742546 0.206305608
10 0.684901059 0.608593762 0.045477670 0.063044704
12 0.623984396 0.750388861 0.075495325 0.078044362
0 0.223183855 0.466107637 0.041727383 0.049592018
1 0.785203099 0.346370131 0.329658896 0.357471406
2 0.593656242 0.834972203 0.492774725 0.261315882
3 0.294208854 0.778729141 0.265806019 0.338394582
4 0.612973988 0.516136110 0.115250349 0.152018070
